-1.737420097924768925e-04 1.223370898514986038e-02 2.442529425024986267e-02 3.721249103546142578e-02 5.055408924818038940e-02 6.474639475345611572e-02 8.001250028610229492e-02 9.660569578409194946e-02 1.145915836095809937e-01 1.341523230075836182e-01 1.554728448390960693e-01 1.787552982568740845e-01 2.039659172296524048e-01 2.312023937702178955e-01 2.605773806571960449e-01 2.922069430351257324e-01 3.261603713035583496e-01 3.624086976051330566e-01 4.010414183139801025e-01 4.420797824859619141e-01 4.854678511619567871e-01
-1.520253426861017942e-04 5.573190283030271530e-03 1.101144030690193176e-02 1.682534813880920410e-02 2.276562899351119995e-02 2.899540215730667114e-02 3.559879213571548462e-02 4.276052117347717285e-02 5.044958367943763733e-02 5.870270356535911560e-02 6.763548403978347778e-02 7.744912803173065186e-02 8.808360993862152100e-02 9.963139146566390991e-02 1.121581196784973145e-01 1.258010268211364746e-01 1.406137943267822266e-01 1.566691696643829346e-01 1.740190088748931885e-01 1.927262246608734131e-01 2.128419578075408936e-01
-1.484458043705672026e-04 8.757069706916809082e-03 1.737534813582897186e-02 2.647750824689865112e-02 3.587205708026885986e-02 4.582254216074943542e-02 5.642943084239959717e-02 6.794340163469314575e-02 8.034037053585052490e-02 9.376104176044464111e-02 1.083680763840675354e-01 1.242651492357254028e-01 1.414657980203628540e-01 1.600574851036071777e-01 1.801324933767318726e-01 2.017790526151657104e-01 2.250677794218063354e-01 2.500482201576232910e-01 2.767421603202819824e-01 3.051985502243041992e-01 3.354482650756835938e-01
-1.475612807553261518e-04 5.974244326353073120e-03 1.188029162585735321e-02 1.827878504991531372e-02 2.498048543930053711e-02 3.222453221678733826e-02 4.020047187805175781e-02 4.901952296495437622e-02 5.877973511815071106e-02 6.953472644090652466e-02 8.140105009078979492e-02 9.456512331962585449e-02 1.089988723397254944e-01 1.247578710317611694e-01 1.418800950050354004e-01 1.604724973440170288e-01 1.805353015661239624e-01 2.020965069532394409e-01 2.251988649368286133e-01 2.498167008161544800e-01 2.759685218334197998e-01
-1.442707434762269258e-04 9.499076753854751587e-03 1.883322931826114655e-02 2.850740589201450348e-02 3.829773142933845520e-02 4.838431999087333679e-02 5.882632359862327576e-02 6.980013847351074219e-02 8.129347115755081177e-02 9.335602819919586182e-02 1.060963869094848633e-01 1.196769773960113525e-01 1.340719610452651978e-01 1.493590474128723145e-01 1.656039208173751831e-01 1.829525679349899292e-01 2.014779746532440186e-01 2.212187647819519043e-01 2.422963380813598633e-01 2.647595405578613281e-01 2.886756956577301025e-01
-1.588941668160259724e-04 5.104357376694679260e-03 1.007988769561052322e-02 1.537808869034051895e-02 2.073793672025203705e-02 2.628927677869796753e-02 3.208576515316963196e-02 3.831512480974197388e-02 4.491211101412773132e-02 5.189861729741096497e-02 5.936360359191894531e-02 6.753990054130554199e-02 7.633082568645477295e-02 8.583831787109375000e-02 9.612157940864562988e-02 1.073270067572593689e-01 1.195300295948982239e-01 1.327631771564483643e-01 1.471342444419860840e-01 1.627032011747360229e-01 1.795158982276916504e-01
-1.513401803094893694e-04 7.694433908909559250e-03 1.534606702625751495e-02 2.352509088814258575e-02 3.211433067917823792e-02 4.136970639228820801e-02 5.149270594120025635e-02 6.264720112085342407e-02 7.491919398307800293e-02 8.840885758399963379e-02 1.032571867108345032e-01 1.196178123354911804e-01 1.374727189540863037e-01 1.568858623504638672e-01 1.779071539640426636e-01 2.006388455629348755e-01 2.251040339469909668e-01 2.512876391410827637e-01 2.792423963546752930e-01 3.089537024497985840e-01 3.404039442539215088e-01
-1.589849271113052964e-04 1.019868347793817520e-02 2.037510089576244354e-02 3.110717982053756714e-02 4.233152791857719421e-02 5.434044450521469116e-02 6.734162569046020508e-02 8.150006830692291260e-02 9.698513150215148926e-02 1.138594225049018860e-01 1.323177516460418701e-01 1.525555849075317383e-01 1.745118349790573120e-01 1.983159482479095459e-01 2.239845991134643555e-01 2.516791224479675293e-01 2.814311981201171875e-01 3.132317066192626953e-01 3.471490442752838135e-01 3.831616342067718506e-01 4.212995767593383789e-01
-1.560499076731503010e-04 8.762206882238388062e-03 1.744228042662143707e-02 2.667900733649730682e-02 3.633082658052444458e-02 4.668746143579483032e-02 5.789583921432495117e-02 7.020598649978637695e-02 8.363103866577148438e-02 9.830358624458312988e-02 1.143925786018371582e-01 1.319943964481353760e-01 1.510833501815795898e-01 1.717527061700820923e-01 1.940323859453201294e-01 2.180275619029998779e-01 2.437513917684555054e-01 2.712078988552093506e-01 3.003747165203094482e-01 3.312957882881164551e-01 3.639236092567443848e-01
-1.644316071178764105e-04 1.129761710762977600e-02 2.246679738163948059e-02 3.413758054375648499e-02 4.618421196937561035e-02 5.886273086071014404e-02 7.228277623653411865e-02 8.675865828990936279e-02 1.022337675094604492e-01 1.188913285732269287e-01 1.368973851203918457e-01 1.563717722892761230e-01 1.772818714380264282e-01 1.997725218534469604e-01 2.238907665014266968e-01 2.497790157794952393e-01 2.774735689163208008e-01 3.070632517337799072e-01 3.384747505187988281e-01 3.718376755714416504e-01 4.071274399757385254e-01
-1.541299861855804920e-04 9.744471870362758636e-03 1.939437165856361389e-02 2.961759269237518311e-02 4.023566842079162598e-02 5.154876783490180969e-02 6.373362988233566284e-02 7.698581367731094360e-02 9.135795384645462036e-02 1.069707497954368591e-01 1.240000650286674500e-01 1.425439715385437012e-01 1.626147031784057617e-01 1.842645555734634399e-01 2.075508534908294678e-01 2.325902581214904785e-01 2.593854367733001709e-01 2.879726290702819824e-01 3.183496892452239990e-01 3.505389094352722168e-01 3.845185935497283936e-01
-1.562171673867851496e-04 5.059374030679464340e-03 1.001965533941984177e-02 1.537123881280422211e-02 2.086879126727581024e-02 2.668889984488487244e-02 3.295341134071350098e-02 3.981472924351692200e-02 4.727451130747795105e-02 5.538126081228256226e-02 6.423342972993850708e-02 7.406547665596008301e-02 8.481165766716003418e-02 9.657506644725799561e-02 1.094101071357727051e-01 1.234797909855842590e-01 1.388238966464996338e-01 1.554974019527435303e-01 1.735790073871612549e-01 1.931185722351074219e-01 2.141252607107162476e-01
-1.595531357452273369e-04 1.010818313807249069e-02 2.017109468579292297e-02 3.079268522560596466e-02 4.189005866646766663e-02 5.374712869524955750e-02 6.658059358596801758e-02 8.056837320327758789e-02 9.581618010997772217e-02 1.124558597803115845e-01 1.306611299514770508e-01 1.505889892578125000e-01 1.722355931997299194e-01 1.956797838211059570e-01 2.209932506084442139e-01 2.482906877994537354e-01 2.776269912719726562e-01 3.089921474456787109e-01 3.424558937549591064e-01 3.780096173286437988e-01 4.156356453895568848e-01
-1.659058179939165711e-04 1.269101724028587341e-02 2.531650103628635406e-02 3.857517987489700317e-02 5.236369743943214417e-02 6.703970581293106079e-02 8.283171057701110840e-02 9.992298483848571777e-02 1.184354349970817566e-01 1.385694444179534912e-01 1.604739576578140259e-01 1.843564510345458984e-01 2.102363109588623047e-01 2.381639778614044189e-01 2.682843804359436035e-01 3.006699085235595703e-01 3.354195356369018555e-01 3.724727034568786621e-01 4.120029211044311523e-01 4.539717733860015869e-01 4.983326196670532227e-01
-1.415521255694329739e-04 8.275508880615234375e-03 1.645223051309585571e-02 2.498109824955463409e-02 3.369088470935821533e-02 4.275550693273544312e-02 5.230737477540969849e-02 6.248377263545989990e-02 7.331474870443344116e-02 8.489374816417694092e-02 9.732409566640853882e-02 1.108214259147644043e-01 1.253199875354766846e-01 1.409783065319061279e-01 1.578777134418487549e-01 1.761600375175476074e-01 1.959219425916671753e-01 2.172054052352905273e-01 2.401279360055923462e-01 2.647637128829956055e-01 2.911491394042968750e-01
-1.753686228767037392e-04 1.227045059204101562e-02 2.448084205389022827e-02 3.731707111001014709e-02 5.067947134375572205e-02 6.488666683435440063e-02 8.019370585680007935e-02 9.676676243543624878e-02 1.147589087486267090e-01 1.343094557523727417e-01 1.555990725755691528e-01 1.788326948881149292e-01 2.040630877017974854e-01 2.313073128461837769e-01 2.606277465820312500e-01 2.922415733337402344e-01 3.261418938636779785e-01 3.623831272125244141e-01 4.010323882102966309e-01 4.420580267906188965e-01 4.854699969291687012e-01
-1.667524629738181829e-04 9.695021435618400574e-03 1.924960687756538391e-02 2.936129830777645111e-02 3.988331928849220276e-02 5.108673125505447388e-02 6.305128335952758789e-02 7.618106901645660400e-02 9.033475816249847412e-02 1.057045385241508484e-01 1.224970445036888123e-01 1.407385468482971191e-01 1.604200750589370728e-01 1.816349327564239502e-01 2.044383883476257324e-01 2.289437651634216309e-01 2.551448941230773926e-01 2.831220626831054688e-01 3.127241730690002441e-01 3.440904319286346436e-01 3.771539926528930664e-01
-1.504141837358474731e-04 8.352161385118961334e-03 1.662062481045722961e-02 2.536121197044849396e-02 3.443192690610885620e-02 4.408365860581398010e-02 5.443706363439559937e-02 6.573239713907241821e-02 7.796487212181091309e-02 9.127100557088851929e-02 1.057832241058349609e-01 1.216476559638977051e-01 1.388285309076309204e-01 1.574412435293197632e-01 1.775443553924560547e-01 1.992391198873519897e-01 2.225829362869262695e-01 2.475852370262145996e-01 2.742826640605926514e-01 3.027222156524658203e-01 3.328902423381805420e-01
-1.645987795200198889e-04 4.633700009435415268e-03 9.156418032944202423e-03 1.402543392032384872e-02 1.898333057761192322e-02 2.416867390275001526e-02 2.962731756269931793e-02 3.557146713137626648e-02 4.191727563738822937e-02 4.868817701935768127e-02 5.596461892127990723e-02 6.396676599979400635e-02 7.258776575326919556e-02 8.190778642892837524e-02 9.197440743446350098e-02 1.028944253921508789e-01 1.147268116474151611e-01 1.274778842926025391e-01 1.412400901317596436e-01 1.560422927141189575e-01 1.719189882278442383e-01
-1.661883143242448568e-04 9.548540227115154266e-03 1.893996633589267731e-02 2.881807833909988403e-02 3.904708474874496460e-02 4.987059906125068665e-02 6.132293120026588440e-02 7.385066896677017212e-02 8.725836127996444702e-02 1.017712131142616272e-01 1.175763234496116638e-01 1.347250938415527344e-01 1.532198190689086914e-01 1.731673330068588257e-01 1.946761012077331543e-01 2.178354859352111816e-01 2.427113056182861328e-01 2.693766951560974121e-01 2.977372705936431885e-01 3.279404342174530029e-01 3.599489927291870117e-01
-1.521636440884321928e-04 5.678966641426086426e-03 1.122088916599750519e-02 1.714422181248664856e-02 2.321569994091987610e-02 2.960818819701671600e-02 3.638391941785812378e-02 4.376385360956192017e-02 5.169440433382987976e-02 6.022752448916435242e-02 6.947881728410720825e-02 7.963672280311584473e-02 9.064172208309173584e-02 1.025823503732681274e-01 1.155305951833724976e-01 1.295998990535736084e-01 1.448544710874557495e-01 1.613449752330780029e-01 1.791253983974456787e-01 1.982503533363342285e-01 2.187744975090026855e-01
-1.655963860685005784e-04 4.852852318435907364e-03 9.576600976288318634e-03 1.461863890290260315e-02 1.971350796520709991e-02 2.498586103320121765e-02 3.046566247940063477e-02 3.636854514479637146e-02 4.259693250060081482e-02 4.917502403259277344e-02 5.618344247341156006e-02 6.385365128517150879e-02 7.207159698009490967e-02 8.093756437301635742e-02 9.050907194614410400e-02 1.009219437837600708e-01 1.122562661767005920e-01 1.245300918817520142e-01 1.378520131111145020e-01 1.522916704416275024e-01 1.678944230079650879e-01
-1.457458856748417020e-04 5.919984076172113419e-03 1.172479614615440369e-02 1.785837486386299133e-02 2.406632527709007263e-02 3.049229271709918976e-02 3.723889589309692383e-02 4.441194981336593628e-02 5.202642828226089478e-02 6.009694933891296387e-02 6.870035082101821899e-02 7.808120548725128174e-02 8.816079795360565186e-02 9.903932362794876099e-02 1.107691600918769836e-01 1.235000565648078918e-01 1.373003721237182617e-01 1.522053182125091553e-01 1.683508008718490601e-01 1.857702732086181641e-01 2.045137435197830200e-01
-1.450853887945413589e-04 1.019105687737464905e-02 2.022171765565872192e-02 3.057688288390636444e-02 4.106609523296356201e-02 5.186527967453002930e-02 6.302192807197570801e-02 7.474424690008163452e-02 8.699571341276168823e-02 9.984137862920761108e-02 1.133816093206405640e-01 1.277842670679092407e-01 1.430162638425827026e-01 1.591557264328002930e-01 1.762707233428955078e-01 1.945113539695739746e-01 2.139796614646911621e-01 2.346672266721725464e-01 2.567403912544250488e-01 2.802571058273315430e-01 3.052825629711151123e-01
-1.539570803288370371e-04 7.211627438664436340e-03 1.437927782535552979e-02 2.210830897092819214e-02 3.026354685425758362e-02 3.913329914212226868e-02 4.890314117074012756e-02 5.975727736949920654e-02 7.176232337951660156e-02 8.503435552120208740e-02 9.969944506883621216e-02 1.158959418535232544e-01 1.335847228765487671e-01 1.528346836566925049e-01 1.736580282449722290e-01 1.961502283811569214e-01 2.203059345483779907e-01 2.460910677909851074e-01 2.735181450843811035e-01 3.025802969932556152e-01 3.332014381885528564e-01
-2.395462943241000175e-04 2.005104906857013702e-03 3.959413617849349976e-03 6.348999217152595520e-03 8.670637384057044983e-03 1.114747300744056702e-02 1.383876428008079529e-02 1.680433750152587891e-02 2.003791183233261108e-02 2.351066470146179199e-02 2.728743851184844971e-02 3.162007778882980347e-02 3.633376955986022949e-02 4.153608530759811401e-02 4.724429547786712646e-02 5.363351106643676758e-02 6.075920164585113525e-02 6.869247555732727051e-02 7.752926647663116455e-02 8.738008141517639160e-02 9.832783043384552002e-02
-1.787099463399499655e-04 4.151910077780485153e-03 8.193028159439563751e-03 1.251734793186187744e-02 1.684821955859661102e-02 2.129496447741985321e-02 2.586212009191513062e-02 3.078059479594230652e-02 3.591933846473693848e-02 4.130873084068298340e-02 4.701161012053489685e-02 5.329190194606781006e-02 6.001166254281997681e-02 6.728941947221755981e-02 7.518490403890609741e-02 8.385720849037170410e-02 9.340742230415344238e-02 1.038142740726470947e-01 1.152459979057312012e-01 1.277693063020706177e-01 1.414037048816680908e-01
-1.585602876730263233e-04 1.132253184914588928e-02 2.250891923904418945e-02 3.420548513531684875e-02 4.624205455183982849e-02 5.888859555125236511e-02 7.229203730821609497e-02 8.666627109050750732e-02 1.020308509469032288e-01 1.185380667448043823e-01 1.363427489995956421e-01 1.555798351764678955e-01 1.762559860944747925e-01 1.984650194644927979e-01 2.222522497177124023e-01 2.477884590625762939e-01 2.750962972640991211e-01 3.042553663253784180e-01 3.352671861648559570e-01 3.681963682174682617e-01 4.030568897724151611e-01
-1.546185521874576807e-04 8.165096864104270935e-03 1.629910618066787720e-02 2.496732957661151886e-02 3.407054767012596130e-02 4.388713464140892029e-02 5.460930615663528442e-02 6.641396135091781616e-02 7.939137518405914307e-02 9.365744143724441528e-02 1.093574240803718567e-01 1.266453564167022705e-01 1.455100476741790771e-01 1.660165190696716309e-01 1.882240176200866699e-01 2.122323215007781982e-01 2.380920052528381348e-01 2.657468318939208984e-01 2.952970862388610840e-01 3.267066478729248047e-01 3.599494695663452148e-01
-1.480889623053371906e-04 8.773542009294033051e-03 1.739379391074180603e-02 2.648711763322353363e-02 3.586338460445404053e-02 4.576544091105461121e-02 5.629489943385124207e-02 6.770266592502593994e-02 7.996234297752380371e-02 9.319521486759185791e-02 1.075809746980667114e-01 1.232095807790756226e-01 1.400939077138900757e-01 1.583251804113388062e-01 1.779907941818237305e-01 1.991848647594451904e-01 2.219765484333038330e-01 2.464237958192825317e-01 2.725416123867034912e-01 3.003879487514495850e-01 3.300185501575469971e-01
-1.524063118267804384e-04 1.150810718536376953e-02 2.284291386604309082e-02 3.471200913190841675e-02 4.690625891089439392e-02 5.971010029315948486e-02 7.328346371650695801e-02 8.781267702579498291e-02 1.033256053924560547e-01 1.199840605258941650e-01 1.379607319831848145e-01 1.573458760976791382e-01 1.782158315181732178e-01 2.005980163812637329e-01 2.246149331331253052e-01 2.503734827041625977e-01 2.779450416564941406e-01 3.073670566082000732e-01 3.387237191200256348e-01 3.720417618751525879e-01 4.073672294616699219e-01
-1.531032612547278404e-04 8.606635034084320068e-03 1.714901626110076904e-02 2.623618021607398987e-02 3.573836013674736023e-02 4.592965915799140930e-02 5.698666349053382874e-02 6.911006569862365723e-02 8.235741406679153442e-02 9.684624522924423218e-02 1.127293705940246582e-01 1.301366090774536133e-01 1.490476876497268677e-01 1.695367097854614258e-01 1.916568428277969360e-01 2.155049443244934082e-01 2.411062717437744141e-01 2.684566974639892578e-01 2.975804507732391357e-01 3.284892141819000244e-01 3.611550629138946533e-01
-2.462255943100899458e-04 2.234246581792831421e-03 4.430246539413928986e-03 7.049117237329483032e-03 9.528212249279022217e-03 1.208871603012084961e-02 1.483954116702079773e-02 1.767649874091148376e-02 2.072829753160476685e-02 2.386698126792907715e-02 2.716558426618576050e-02 3.089506179094314575e-02 3.487180173397064209e-02 3.918761014938354492e-02 4.384103417396545410e-02 4.902637004852294922e-02 5.478347837924957275e-02 6.116239726543426514e-02 6.836022436618804932e-02 7.639348506927490234e-02 8.540341258049011230e-02
-1.482523366576060653e-04 1.016101613640785217e-02 2.010947838425636292e-02 3.038139455020427704e-02 4.072881862521171570e-02 5.130776017904281616e-02 6.216118112206459045e-02 7.350489497184753418e-02 8.524802327156066895e-02 9.746199101209640503e-02 1.102646663784980774e-01 1.237723007798194885e-01 1.379756480455398560e-01 1.529328972101211548e-01 1.687117069959640503e-01 1.854730844497680664e-01 2.032695263624191284e-01 2.221798747777938843e-01 2.422774583101272583e-01 2.636356651782989502e-01 2.863222062587738037e-01
-1.549699227325618267e-04 1.032731495797634125e-02 2.057280205190181732e-02 3.138486668467521667e-02 4.260187223553657532e-02 5.452498048543930054e-02 6.735825538635253906e-02 8.125492930412292480e-02 9.631024301052093506e-02 1.126426607370376587e-01 1.304314732551574707e-01 1.497900784015655518e-01 1.707615703344345093e-01 1.933709979057312012e-01 2.176946699619293213e-01 2.438609600067138672e-01 2.718885242938995361e-01 3.018096387386322021e-01 3.336663544178009033e-01 3.674433529376983643e-01 4.031544029712677002e-01
-1.974489423446357250e-04 3.191613592207431793e-03 6.291386671364307404e-03 9.728217497467994690e-03 1.316501945257186890e-02 1.675355806946754456e-02 2.051663398742675781e-02 2.465984225273132324e-02 2.907852828502655029e-02 3.380431979894638062e-02 3.891558945178985596e-02 4.467579722404479980e-02 5.094904452562332153e-02 5.786529928445816040e-02 6.547915935516357422e-02 7.397759705781936646e-02 8.344598114490509033e-02 9.390522539615631104e-02 1.054854094982147217e-01 1.182798445224761963e-01 1.323048323392868042e-01
-1.572863984620198607e-04 1.185097359120845795e-02 2.363521791994571686e-02 3.598740696907043457e-02 4.878782853484153748e-02 6.234139204025268555e-02 7.689204066991806030e-02 9.252199530601501465e-02 1.094371154904365540e-01 1.277160942554473877e-01 1.475397348403930664e-01 1.691049039363861084e-01 1.923801004886627197e-01 2.174804955720901489e-01 2.444285154342651367e-01 2.733994126319885254e-01 3.044028878211975098e-01 3.374994695186614990e-01 3.727388381958007812e-01 4.101108908653259277e-01 4.496640563011169434e-01
-1.620938128326088190e-04 9.694002568721771240e-03 1.937807723879814148e-02 2.967809885740280151e-02 4.051501303911209106e-02 5.216259136795997620e-02 6.491133570671081543e-02 7.890614122152328491e-02 9.432423114776611328e-02 1.112397313117980957e-01 1.298467069864273071e-01 1.503411084413528442e-01 1.726806908845901489e-01 1.969846785068511963e-01 2.232426553964614868e-01 2.516465187072753906e-01 2.821718156337738037e-01 3.148750662803649902e-01 3.497162759304046631e-01 3.867428898811340332e-01 4.259202182292938232e-01
-1.577860821271315217e-04 4.894250072538852692e-03 9.680233895778656006e-03 1.487189158797264099e-02 2.023040130734443665e-02 2.592879347503185272e-02 3.205211088061332703e-02 3.880098834633827209e-02 4.613501951098442078e-02 5.408817157149314880e-02 6.275892257690429688e-02 7.234052568674087524e-02 8.275938779115676880e-02 9.407639503479003906e-02 1.063344925642013550e-01 1.196273341774940491e-01 1.339787542819976807e-01 1.494213044643402100e-01 1.659923493862152100e-01 1.837058663368225098e-01 2.025924921035766602e-01
-1.454803277738392353e-04 7.339915260672569275e-03 1.456468924880027771e-02 2.226029895246028900e-02 3.022888675332069397e-02 3.869681432843208313e-02 4.781104624271392822e-02 5.774714052677154541e-02 6.853974610567092896e-02 8.026221394538879395e-02 9.306742995977401733e-02 1.070925593376159668e-01 1.223293989896774292e-01 1.388534605503082275e-01 1.567231118679046631e-01 1.760537773370742798e-01 1.968625187873840332e-01 2.192344367504119873e-01 2.431620210409164429e-01 2.686827480792999268e-01 2.958326637744903564e-01
-1.387215743307024240e-04 1.029430702328681946e-02 2.041803859174251556e-02 3.085156157612800598e-02 4.141579568386077881e-02 5.227356031537055969e-02 6.347703188657760620e-02 7.521511614322662354e-02 8.745671808719635010e-02 1.002609133720397949e-01 1.137237176299095154e-01 1.280185580253601074e-01 1.430849730968475342e-01 1.590238958597183228e-01 1.759046763181686401e-01 1.938631534576416016e-01 2.130251526832580566e-01 2.333742976188659668e-01 2.551130652427673340e-01 2.783018350601196289e-01 3.030432760715484619e-01
-1.402757770847529173e-04 8.364703506231307983e-03 1.659853570163249969e-02 2.529117092490196228e-02 3.423596918582916260e-02 4.367119818925857544e-02 5.373064428567886353e-02 6.457047164440155029e-02 7.624439895153045654e-02 8.882435411214828491e-02 1.024614572525024414e-01 1.172863915562629700e-01 1.333124488592147827e-01 1.506053954362869263e-01 1.692384928464889526e-01 1.893150210380554199e-01 2.108860611915588379e-01 2.340081781148910522e-01 2.587360739707946777e-01 2.850856482982635498e-01 3.131272494792938232e-01
-1.654559164308011532e-04 9.469033218920230865e-03 1.877828128635883331e-02 2.862524613738059998e-02 3.880955651402473450e-02 4.960813745856285095e-02 6.107024475932121277e-02 7.360453158617019653e-02 8.703949302434921265e-02 1.015627533197402954e-01 1.173637434840202332e-01 1.344572156667709351e-01 1.528500765562057495e-01 1.726169586181640625e-01 1.938089132308959961e-01 2.165462672710418701e-01 2.408116012811660767e-01 2.666832506656646729e-01 2.940303087234497070e-01 3.229934573173522949e-01 3.534841835498809814e-01
-1.481717044953256845e-04 5.781058222055435181e-03 1.143390126526355743e-02 1.746314764022827148e-02 2.361566945910453796e-02 3.005488030612468719e-02 3.689477965235710144e-02 4.426933079957962036e-02 5.219402909278869629e-02 6.068775430321693420e-02 6.986727565526962280e-02 7.994125783443450928e-02 9.085904806852340698e-02 1.027087569236755371e-01 1.155489012598991394e-01 1.295306384563446045e-01 1.446971148252487183e-01 1.611303985118865967e-01 1.788918972015380859e-01 1.980289816856384277e-01 2.185970842838287354e-01
-1.452416618121787906e-04 6.217616610229015350e-03 1.230354793369770050e-02 1.871114596724510193e-02 2.516602538526058197e-02 3.180403634905815125e-02 3.874149173498153687e-02 4.605125635862350464e-02 5.377166718244552612e-02 6.189878284931182861e-02 7.052218914031982422e-02 7.988678663969039917e-02 8.991857618093490601e-02 1.007246226072311401e-01 1.123605221509933472e-01 1.250016391277313232e-01 1.387121379375457764e-01 1.535598337650299072e-01 1.696795076131820679e-01 1.871225684881210327e-01 2.059526741504669189e-01
-2.503055729903280735e-04 2.000120002776384354e-03 3.970477730035781860e-03 6.394779309630393982e-03 8.670348674058914185e-03 1.104115694761276245e-02 1.362906768918037415e-02 1.631060987710952759e-02 1.921489834785461426e-02 2.223459631204605103e-02 2.542766928672790527e-02 2.906368672847747803e-02 3.295525163412094116e-02 3.719799965620040894e-02 4.178737103939056396e-02 4.691624641418457031e-02 5.262866616249084473e-02 5.901840329170227051e-02 6.623204052448272705e-02 7.434415817260742188e-02 8.349761366844177246e-02
-1.434126897947862744e-04 6.564527750015258789e-03 1.300463639199733734e-02 1.986375451087951660e-02 2.691788598895072937e-02 3.437047824263572693e-02 4.233680292963981628e-02 5.097327381372451782e-02 6.031018495559692383e-02 7.039058953523635864e-02 8.134553581476211548e-02 9.334829449653625488e-02 1.063667535781860352e-01 1.204867511987686157e-01 1.357668489217758179e-01 1.523236632347106934e-01 1.701973229646682739e-01 1.894601881504058838e-01 2.101522237062454224e-01 2.323026508092880249e-01 2.559779584407806396e-01
-1.662345457589253783e-04 4.824913572520017624e-03 9.518059901893138885e-03 1.452983915805816650e-02 1.955880969762802124e-02 2.472379431128501892e-02 3.006575815379619598e-02 3.577788174152374268e-02 4.174546524882316589e-02 4.800788685679435730e-02 5.462059378623962402e-02 6.182145327329635620e-02 6.948402523994445801e-02 7.770974934101104736e-02 8.655632287263870239e-02 9.615974128246307373e-02 1.066064909100532532e-01 1.179453954100608826e-01 1.302607953548431396e-01 1.436769664287567139e-01 1.582317352294921875e-01
-1.483265514252707362e-04 5.681847687810659409e-03 1.123815961182117462e-02 1.712730526924133301e-02 2.308984845876693726e-02 2.926398999989032745e-02 3.574278205633163452e-02 4.265089333057403564e-02 4.998795315623283386e-02 5.775779858231544495e-02 6.605305522680282593e-02 7.510375976562500000e-02 8.483582735061645508e-02 9.533876180648803711e-02 1.066656708717346191e-01 1.189645528793334961e-01 1.322970986366271973e-01 1.467123329639434814e-01 1.623188555240631104e-01 1.791527569293975830e-01 1.972727775573730469e-01
-1.699005078990012407e-04 1.466495543718338013e-02 2.917528152465820312e-02 4.430391639471054077e-02 5.986965075135231018e-02 7.616786658763885498e-02 9.349892288446426392e-02 1.119079887866973877e-01 1.316047310829162598e-01 1.526829451322555542e-01 1.754105836153030396e-01 1.999162882566452026e-01 2.262451350688934326e-01 2.544977068901062012e-01 2.847025096416473389e-01 3.171007335186004639e-01 3.516823947429656982e-01 3.886168897151947021e-01 4.278993010520935059e-01 4.695546627044677734e-01 5.137018561363220215e-01
-1.537946227472275496e-04 1.061004586517810822e-02 2.115616016089916229e-02 3.227784112095832825e-02 4.384484514594078064e-02 5.616885423660278320e-02 6.946720927953720093e-02 8.385946601629257202e-02 9.951837360858917236e-02 1.165239289402961731e-01 1.350625306367874146e-01 1.552960574626922607e-01 1.772208064794540405e-01 2.009112685918807983e-01 2.264166027307510376e-01 2.538768947124481201e-01 2.833122909069061279e-01 3.147587180137634277e-01 3.482682108879089355e-01 3.838130533695220947e-01 4.214348196983337402e-01
-1.609481259947642684e-04 5.183857399970293045e-03 1.022213976830244064e-02 1.555534731596708298e-02 2.089274860918521881e-02 2.633427828550338745e-02 3.190140426158905029e-02 3.780563175678253174e-02 4.389049857854843140e-02 5.020568892359733582e-02 5.678417533636093140e-02 6.386072188615798950e-02 7.127165049314498901e-02 7.913176715373992920e-02 8.748703449964523315e-02 9.644114226102828979e-02 1.060912236571311951e-01 1.164579689502716064e-01 1.276330649852752686e-01 1.397413462400436401e-01 1.528288722038269043e-01
-1.746285997796803713e-04 1.145588234066963196e-02 2.281323820352554321e-02 3.477058187127113342e-02 4.719202965497970581e-02 6.036162376403808594e-02 7.449387013912200928e-02 8.983550965785980225e-02 1.064348518848419189e-01 1.244376301765441895e-01 1.440621763467788696e-01 1.654584109783172607e-01 1.886288821697235107e-01 2.136712819337844849e-01 2.406470775604248047e-01 2.697525024414062500e-01 3.009970784187316895e-01 3.344513475894927979e-01 3.701024651527404785e-01 4.080354571342468262e-01 4.481893181800842285e-01
-2.154084504581987858e-04 1.590197905898094177e-02 3.169596195220947266e-02 4.810716956853866577e-02 6.511223316192626953e-02 8.299718797206878662e-02 1.019368842244148254e-01 1.223442703485488892e-01 1.441272348165512085e-01 1.675751954317092896e-01 1.929346323013305664e-01 2.202978283166885376e-01 2.497437447309494019e-01 2.813113331794738770e-01 3.151268959045410156e-01 3.513808250427246094e-01 3.901529610157012939e-01 4.314333498477935791e-01 4.752774238586425781e-01 5.217336416244506836e-01 5.707669258117675781e-01
-1.708815398160368204e-04 4.360120743513107300e-03 8.594948798418045044e-03 1.317984610795974731e-02 1.784457638859748840e-02 2.272819355130195618e-02 2.784634009003639221e-02 3.347440809011459351e-02 3.945739939808845520e-02 4.586251825094223022e-02 5.276551842689514160e-02 6.038136035203933716e-02 6.859356909990310669e-02 7.750316709280014038e-02 8.717201650142669678e-02 9.771638363599777222e-02 1.092169508337974548e-01 1.217186003923416138e-01 1.352578103542327881e-01 1.499573588371276855e-01 1.658423244953155518e-01
-1.995471684494987130e-04 3.379240166395902634e-03 6.667122244834899902e-03 1.028526760637760162e-02 1.387356966733932495e-02 1.757496595382690430e-02 2.141956612467765808e-02 2.556432038545608521e-02 2.993087098002433777e-02 3.451731055974960327e-02 3.939165174961090088e-02 4.481716454029083252e-02 5.064002424478530884e-02 5.697669088840484619e-02 6.387097388505935669e-02 7.149420678615570068e-02 7.993030548095703125e-02 8.919106423854827881e-02 9.942679107189178467e-02 1.107135564088821411e-01 1.230972409248352051e-01
-1.461134088458493352e-04 6.888493895530700684e-03 1.368157751858234406e-02 2.089677751064300537e-02 2.834493294358253479e-02 3.623913601040840149e-02 4.471703618764877319e-02 5.394027009606361389e-02 6.394027173519134521e-02 7.480327039957046509e-02 8.665278553962707520e-02 9.967783838510513306e-02 1.138419806957244873e-01 1.292577683925628662e-01 1.459940522909164429e-01 1.641803085803985596e-01 1.838762760162353516e-01 2.051253616809844971e-01 2.279987484216690063e-01 2.525345087051391602e-01 2.787589430809020996e-01
-1.469292328692972660e-04 1.121503207832574844e-02 2.227825298905372620e-02 3.393075615167617798e-02 4.592896997928619385e-02 5.859800800681114197e-02 7.216810435056686401e-02 8.670681715011596680e-02 1.023676097393035889e-01 1.192713975906372070e-01 1.375950872898101807e-01 1.574582457542419434e-01 1.789274364709854126e-01 2.020516097545623779e-01 2.269136309623718262e-01 2.536358535289764404e-01 2.822655737400054932e-01 3.128588497638702393e-01 3.455038964748382568e-01 3.801850080490112305e-01 4.169495701789855957e-01
-1.556136703584343195e-04 9.891184046864509583e-03 1.975538581609725952e-02 3.019296564161777496e-02 4.111928865313529968e-02 5.281318724155426025e-02 6.553164124488830566e-02 7.938598096370697021e-02 9.456731379032135010e-02 1.111396774649620056e-01 1.292897164821624756e-01 1.492018401622772217e-01 1.708501279354095459e-01 1.943196505308151245e-01 2.196487635374069214e-01 2.469815164804458618e-01 2.763408422470092773e-01 3.077376186847686768e-01 3.412258923053741455e-01 3.767802119255065918e-01 4.144155383110046387e-01
-1.623215503059327602e-04 1.122024189680814743e-02 2.229826711118221283e-02 3.387115523219108582e-02 4.580509662628173828e-02 5.835829302668571472e-02 7.162283360958099365e-02 8.593268692493438721e-02 1.012042313814163208e-01 1.176401972770690918e-01 1.354055255651473999e-01 1.546041965484619141e-01 1.752167493104934692e-01 1.973847150802612305e-01 2.211792320013046265e-01 2.467137873172760010e-01 2.740481793880462646e-01 3.032672703266143799e-01 3.343009948730468750e-01 3.672882318496704102e-01 4.022046923637390137e-01
-1.515079056844115257e-04 5.760515108704566956e-03 1.148924883455038071e-02 1.772692054510116577e-02 2.431940287351608276e-02 3.151264786720275879e-02 3.951480239629745483e-02 4.843112081289291382e-02 5.837470293045043945e-02 6.940430402755737305e-02 8.161609619855880737e-02 9.520822763442993164e-02 1.101338416337966919e-01 1.264377683401107788e-01 1.441384702920913696e-01 1.633343547582626343e-01 1.840129792690277100e-01 2.061397135257720947e-01 2.297928631305694580e-01 2.549092173576354980e-01 2.814784348011016846e-01
-1.431379205314442515e-04 7.119466550648212433e-03 1.412431709468364716e-02 2.156030759215354919e-02 2.920740097761154175e-02 3.727412223815917969e-02 4.590199515223503113e-02 5.522982031106948853e-02 6.530149281024932861e-02 7.617031782865524292e-02 8.796615153551101685e-02 1.008575633168220520e-01 1.148191988468170166e-01 1.299342364072799683e-01 1.462562829256057739e-01 1.639139056205749512e-01 1.829348951578140259e-01 2.033962905406951904e-01 2.253311425447463989e-01 2.487737834453582764e-01 2.737667262554168701e-01
-2.028425369644537568e-04 1.571955718100070953e-02 3.135120496153831482e-02 4.752642661333084106e-02 6.424437463283538818e-02 8.170390129089355469e-02 1.001355946063995361e-01 1.198610663414001465e-01 1.408194601535797119e-01 1.632619202136993408e-01 1.874074041843414307e-01 2.134243547916412354e-01 2.412528693675994873e-01 2.710439562797546387e-01 3.029321730136871338e-01 3.370474278926849365e-01 3.734812140464782715e-01 4.122853577136993408e-01 4.534561634063720703e-01 4.971285462379455566e-01 5.432305335998535156e-01
-1.462430518586188555e-04 6.242096889764070511e-03 1.238745078444480896e-02 1.891889050602912903e-02 2.561513520777225494e-02 3.266974538564682007e-02 4.020590707659721375e-02 4.836233705282211304e-02 5.715949833393096924e-02 6.666965037584304810e-02 7.698149979114532471e-02 8.832012116909027100e-02 1.006231233477592468e-01 1.140099689364433289e-01 1.285378038883209229e-01 1.443514674901962280e-01 1.615099310874938965e-01 1.800446659326553345e-01 2.000653147697448730e-01 2.216133624315261841e-01 2.447045445442199707e-01
-1.622853160370141268e-04 1.262396760284900665e-02 2.511405572295188904e-02 3.809157386422157288e-02 5.139394104480743408e-02 6.526070088148117065e-02 7.990251481533050537e-02 9.542853385210037231e-02 1.119417920708656311e-01 1.295587718486785889e-01 1.484187990427017212e-01 1.687003374099731445e-01 1.904110312461853027e-01 2.136417180299758911e-01 2.384146153926849365e-01 2.649574875831604004e-01 2.932936847209930420e-01 3.234569430351257324e-01 3.555609583854675293e-01 3.896393775939941406e-01 4.257283806800842285e-01
-1.500225625932216644e-04 9.049077518284320831e-03 1.796719990670681000e-02 2.738415449857711792e-02 3.712140023708343506e-02 4.743539541959762573e-02 5.844562500715255737e-02 7.040422409772872925e-02 8.329307287931442261e-02 9.725102037191390991e-02 1.124434769153594971e-01 1.289709359407424927e-01 1.468485742807388306e-01 1.661599129438400269e-01 1.869840174913406372e-01 2.094208747148513794e-01 2.335182726383209229e-01 2.593399584293365479e-01 2.868787646293640137e-01 3.161975443363189697e-01 3.473086655139923096e-01
-1.386017393087968230e-04 7.532522082328796387e-03 1.495881937444210052e-02 2.280991896986961365e-02 3.086773678660392761e-02 3.934473916888237000e-02 4.839386790990829468e-02 5.811765417456626892e-02 6.859306246042251587e-02 7.986548542976379395e-02 9.205204248428344727e-02 1.053332388401031494e-01 1.196823567152023315e-01 1.351821571588516235e-01 1.518842279911041260e-01 1.699125170707702637e-01 1.893009543418884277e-01 2.101174145936965942e-01 2.324188649654388428e-01 2.562285661697387695e-01 2.815933525562286377e-01
-1.596306974533945322e-04 1.297083310782909393e-02 2.581726945936679840e-02 3.923264890909194946e-02 5.304534733295440674e-02 6.755192577838897705e-02 8.302360773086547852e-02 9.948683530092239380e-02 1.171543598175048828e-01 1.361240893602371216e-01 1.565781533718109131e-01 1.787005215883255005e-01 2.025296986103057861e-01 2.281316816806793213e-01 2.555088400840759277e-01 2.849288880825042725e-01 3.163577318191528320e-01 3.499247431755065918e-01 3.856711387634277344e-01 4.235929846763610840e-01 4.637833833694458008e-01
-1.490975846536457539e-04 6.113017909228801727e-03 1.208266057074069977e-02 1.839257776737213135e-02 2.474520727992057800e-02 3.129183501005172729e-02 3.814227133989334106e-02 4.538558423519134521e-02 5.303381755948066711e-02 6.111674010753631592e-02 6.970749795436859131e-02 7.905018329620361328e-02 8.907705545425415039e-02 9.988988935947418213e-02 1.115595847368240356e-01 1.242616623640060425e-01 1.380539834499359131e-01 1.530047357082366943e-01 1.692570745944976807e-01 1.868803799152374268e-01 2.059164643287658691e-01
-1.509237335994839668e-04 7.631401531398296356e-03 1.522207539528608322e-02 2.333894744515419006e-02 3.185084834694862366e-02 4.102410003542900085e-02 5.106646567583084106e-02 6.212082132697105408e-02 7.428307831287384033e-02 8.766214549541473389e-02 1.023877635598182678e-01 1.186204552650451660e-01 1.363652497529983521e-01 1.556661874055862427e-01 1.765885949134826660e-01 1.992322653532028198e-01 2.236316055059432983e-01 2.497581541538238525e-01 2.777058780193328857e-01 3.074401915073394775e-01 3.389384448528289795e-01
-1.377279113512486219e-04 7.713914848864078522e-03 1.526654046028852463e-02 2.318270690739154816e-02 3.121540881693363190e-02 3.952600806951522827e-02 4.821455106139183044e-02 5.741533637046813965e-02 6.714052706956863403e-02 7.740485668182373047e-02 8.833216875791549683e-02 1.000923812389373779e-01 1.126357167959213257e-01 1.260500401258468628e-01 1.403945535421371460e-01 1.557980477809906006e-01 1.723184883594512939e-01 1.900531500577926636e-01 2.090515345335006714e-01 2.293865382671356201e-01 2.511568069458007812e-01
-1.837400486692786217e-04 3.369558602571487427e-03 6.632541306316852570e-03 1.026918180286884308e-02 1.402362436056137085e-02 1.806528307497501373e-02 2.240353822708129883e-02 2.736480534076690674e-02 3.278088569641113281e-02 3.875411674380302429e-02 4.538151621818542480e-02 5.289150029420852661e-02 6.118720024824142456e-02 7.039181143045425415e-02 8.057457208633422852e-02 9.189563989639282227e-02 1.044226512312889099e-01 1.181830838322639465e-01 1.332257986068725586e-01 1.496513187885284424e-01 1.674328446388244629e-01
-1.535325718577951193e-04 1.396589446812868118e-02 2.776602655649185181e-02 4.200094193220138550e-02 5.650691688060760498e-02 7.146500051021575928e-02 8.703759312629699707e-02 1.034958511590957642e-01 1.207566708326339722e-01 1.389898359775543213e-01 1.583309918642044067e-01 1.790046840906143188e-01 2.008848488330841064e-01 2.241773903369903564e-01 2.489158064126968384e-01 2.752903103828430176e-01 3.032946884632110596e-01 3.331252336502075195e-01 3.645550608634948730e-01 3.978642821311950684e-01 4.328701496124267578e-01
-2.133558737114071846e-04 2.537405118346214294e-03 4.993814043700695038e-03 7.834630087018013000e-03 1.068151555955410004e-02 1.372034475207328796e-02 1.697820797562599182e-02 2.065173909068107605e-02 2.465132251381874084e-02 2.900494635105133057e-02 3.380338847637176514e-02 3.929728269577026367e-02 4.535002261400222778e-02 5.208855122327804565e-02 5.956051498651504517e-02 6.795498728752136230e-02 7.734014093875885010e-02 8.775895833969116211e-02 9.930731356143951416e-02 1.120841354131698608e-01 1.261140108108520508e-01
-1.485952379880473018e-04 9.075936861336231232e-03 1.799462921917438507e-02 2.740184962749481201e-02 3.709593415260314941e-02 4.733173921704292297e-02 5.821059644222259521e-02 6.998772919178009033e-02 8.263184130191802979e-02 9.627622365951538086e-02 1.110931038856506348e-01 1.271662116050720215e-01 1.445236951112747192e-01 1.632396727800369263e-01 1.834038794040679932e-01 2.051106542348861694e-01 2.284160554409027100e-01 2.533878982067108154e-01 2.800290882587432861e-01 3.084001243114471436e-01 3.385387957096099854e-01
-2.040588296949863434e-04 3.257611766457557678e-03 6.429499946534633636e-03 9.966414421796798706e-03 1.347841881215572357e-02 1.712781563401222229e-02 2.095337584614753723e-02 2.509598806500434875e-02 2.948353439569473267e-02 3.411618247628211975e-02 3.905434161424636841e-02 4.454571753740310669e-02 5.043119192123413086e-02 5.681505799293518066e-02 6.373339146375656128e-02 7.133336365222930908e-02 7.969188690185546875e-02 8.884638547897338867e-02 9.890173375606536865e-02 1.099558770656585693e-01 1.220700740814208984e-01
-1.579196250531822443e-04 1.340519357472658157e-02 2.670586854219436646e-02 4.058739542961120605e-02 5.488849431276321411e-02 6.990601867437362671e-02 8.594015240669250488e-02 1.029894202947616577e-01 1.213035807013511658e-01 1.409581303596496582e-01 1.621533334255218506e-01 1.850726455450057983e-01 2.097339332103729248e-01 2.362299263477325439e-01 2.645677328109741211e-01 2.949805557727813721e-01 3.274437785148620605e-01 3.620997965335845947e-01 3.989687561988830566e-01 4.380461871623992920e-01 4.794237017631530762e-01
-1.570322201587259769e-04 9.722133167088031769e-03 1.937316730618476868e-02 2.962108142673969269e-02 4.035830497741699219e-02 5.188918858766555786e-02 6.439351290464401245e-02 7.813493162393569946e-02 9.315557032823562622e-02 1.095918267965316772e-01 1.276514977216720581e-01 1.474527269601821899e-01 1.689043492078781128e-01 1.922255456447601318e-01 2.173669934272766113e-01 2.444671690464019775e-01 2.735174596309661865e-01 3.046054840087890625e-01 3.375796079635620117e-01 3.725615143775939941e-01 4.095091223716735840e-01
-1.786420762073248625e-04 4.221207927912473679e-03 8.334911428391933441e-03 1.274037547409534454e-02 1.713407970964908600e-02 2.162868529558181763e-02 2.625605463981628418e-02 3.118900209665298462e-02 3.634114563465118408e-02 4.171789065003395081e-02 4.738330096006393433e-02 5.360458791255950928e-02 6.024391204118728638e-02 6.741493195295333862e-02 7.517065852880477905e-02 8.367611467838287354e-02 9.302487224340438843e-02 1.032144278287887573e-01 1.144139021635055542e-01 1.266863793134689331e-01 1.400694251060485840e-01
-1.593573542777448893e-04 4.637067671865224838e-03 9.219417348504066467e-03 1.431042607873678207e-02 1.972442679107189178e-02 2.570477500557899475e-02 3.239872306585311890e-02 3.998721018433570862e-02 4.850818216800689697e-02 5.801529809832572937e-02 6.861139833927154541e-02 8.047679066658020020e-02 9.354914724826812744e-02 1.078657805919647217e-01 1.234420537948608398e-01 1.403476297855377197e-01 1.585541367530822754e-01 1.780508011579513550e-01 1.988547742366790771e-01 2.209136784076690674e-01 2.442201375961303711e-01
-1.541993697173893452e-04 8.759385906159877777e-03 1.742453128099441528e-02 2.658856660127639771e-02 3.612434864044189453e-02 4.628179967403411865e-02 5.717337131500244141e-02 6.909150630235671997e-02 8.200880885124206543e-02 9.606139361858367920e-02 1.114148423075675964e-01 1.281880885362625122e-01 1.463547199964523315e-01 1.660276055335998535e-01 1.872601658105850220e-01 2.101645618677139282e-01 2.347745001316070557e-01 2.611373066902160645e-01 2.892268598079681396e-01 3.191154003143310547e-01 3.507970273494720459e-01
-1.647287717787548900e-04 1.093420013785362244e-02 2.180935069918632507e-02 3.323078900575637817e-02 4.510970786213874817e-02 5.771303176879882812e-02 7.125482708215713501e-02 8.592003583908081055e-02 1.018198281526565552e-01 1.190634295344352722e-01 1.378206461668014526e-01 1.582913547754287720e-01 1.804161369800567627e-01 2.043373882770538330e-01 2.300738245248794556e-01 2.578050494194030762e-01 2.875477075576782227e-01 3.193477392196655273e-01 3.532125651836395264e-01 3.892002999782562256e-01 4.272860586643218994e-01
-1.831408008001744747e-04 3.953357692807912827e-03 7.797229103744029999e-03 1.197057962417602539e-02 1.616002433001995087e-02 2.050229720771312714e-02 2.503245323896408081e-02 2.994253858923912048e-02 3.514268249273300171e-02 4.065268486738204956e-02 4.655142500996589661e-02 5.308848619461059570e-02 6.014277040958404541e-02 6.782144308090209961e-02 7.618117332458496094e-02 8.538956195116043091e-02 9.552540630102157593e-02 1.066152155399322510e-01 1.187804937362670898e-01 1.321028023958206177e-01 1.466148495674133301e-01
-1.525644911453127861e-04 5.164081230759620667e-03 1.021321304142475128e-02 1.568236574530601501e-02 2.132319472730159760e-02 2.732149325311183929e-02 3.380499780178070068e-02 4.092829674482345581e-02 4.870205000042915344e-02 5.716453492641448975e-02 6.643569469451904297e-02 7.671328634023666382e-02 8.795944601297378540e-02 1.002464592456817627e-01 1.136277318000793457e-01 1.282481104135513306e-01 1.441241800785064697e-01 1.613429188728332520e-01 1.799243539571762085e-01 1.999106556177139282e-01 2.213302701711654663e-01
-1.389014214510098100e-04 9.147712960839271545e-03 1.815050467848777771e-02 2.754643000662326813e-02 3.709850832819938660e-02 4.701125621795654297e-02 5.742628127336502075e-02 6.844802945852279663e-02 8.010768145322799683e-02 9.250479936599731445e-02 1.057514175772666931e-01 1.200111284852027893e-01 1.353030055761337280e-01 1.516708582639694214e-01 1.692568659782409668e-01 1.881579458713531494e-01 2.084786891937255859e-01 2.302477955818176270e-01 2.536322772502899170e-01 2.786386609077453613e-01 3.053317964076995850e-01
-1.578990486450493336e-04 1.088715810328722000e-02 2.162161841988563538e-02 3.287316486239433289e-02 4.447022825479507446e-02 5.668730288743972778e-02 6.964463740587234497e-02 8.360274136066436768e-02 9.855738282203674316e-02 1.146568506956100464e-01 1.320852786302566528e-01 1.509538143873214722e-01 1.712557673454284668e-01 1.931206881999969482e-01 2.165976315736770630e-01 2.418341487646102905e-01 2.688761353492736816e-01 2.977895736694335938e-01 3.285700678825378418e-01 3.612985312938690186e-01 3.960087597370147705e-01
-1.528195862192660570e-04 1.041534636169672012e-02 2.077910862863063812e-02 3.171985223889350891e-02 4.311521351337432861e-02 5.528061091899871826e-02 6.845398247241973877e-02 8.272678405046463013e-02 9.828890860080718994e-02 1.152221634984016418e-01 1.337161362171173096e-01 1.539173722267150879e-01 1.758487075567245483e-01 1.995586305856704712e-01 2.251042723655700684e-01 2.526139020919799805e-01 2.821227610111236572e-01 3.136349022388458252e-01 3.472357988357543945e-01 3.828654885292053223e-01 4.205741286277770996e-01
-1.608651364222168922e-04 1.140346284955739975e-02 2.268668822944164276e-02 3.456221893429756165e-02 4.687060415744781494e-02 5.991337820887565613e-02 7.389749586582183838e-02 8.901451528072357178e-02 1.053034216165542603e-01 1.229259073734283447e-01 1.420881450176239014e-01 1.628562808036804199e-01 1.852835714817047119e-01 2.093853205442428589e-01 2.352550625801086426e-01 2.630071043968200684e-01 2.926313281059265137e-01 3.242373764514923096e-01 3.577454984188079834e-01 3.931936621665954590e-01 4.305727183818817139e-01
-1.500176149420440197e-04 9.266725741326808929e-03 1.838431507349014282e-02 2.798425592482089996e-02 3.787951916456222534e-02 4.832638800144195557e-02 5.943089723587036133e-02 7.144663482904434204e-02 8.434320986270904541e-02 9.826897084712982178e-02 1.133947297930717468e-01 1.298132687807083130e-01 1.475407481193542480e-01 1.666723340749740601e-01 1.873037815093994141e-01 2.095219194889068604e-01 2.334083169698715210e-01 2.590090632438659668e-01 2.863494753837585449e-01 3.154879212379455566e-01 3.464601039886474609e-01
-1.509845751570537686e-04 5.481438711285591125e-03 1.084952615201473236e-02 1.657231152057647705e-02 2.238712459802627563e-02 2.844364009797573090e-02 3.484368696808815002e-02 4.171251505613327026e-02 4.905059188604354858e-02 5.686812847852706909e-02 6.524901837110519409e-02 7.442130148410797119e-02 8.430331945419311523e-02 9.497989714145660400e-02 1.064968109130859375e-01 1.189851611852645874e-01 1.324928253889083862e-01 1.470572352409362793e-01 1.627838015556335449e-01 1.796973049640655518e-01 1.978421211242675781e-01
-1.556477509438991547e-04 8.815751411020755768e-03 1.760748028755187988e-02 2.695230208337306976e-02 3.675273433327674866e-02 4.726975411176681519e-02 5.874770507216453552e-02 7.133118808269500732e-02 8.513837307691574097e-02 1.002815514802932739e-01 1.169139817357063293e-01 1.351999640464782715e-01 1.551474928855895996e-01 1.768059730529785156e-01 2.002391368150711060e-01 2.255761176347732544e-01 2.528426051139831543e-01 2.820270657539367676e-01 3.132026195526123047e-01 3.463604152202606201e-01 3.814612329006195068e-01
-1.548081927467137575e-04 8.382569998502731323e-03 1.674644276499748230e-02 2.569657191634178162e-02 3.515494242310523987e-02 4.540862515568733215e-02 5.667161941528320312e-02 6.914910674095153809e-02 8.294142037630081177e-02 9.815836697816848755e-02 1.149599328637123108e-01 1.335141956806182861e-01 1.537307053804397583e-01 1.757719516754150391e-01 1.996167600154876709e-01 2.253820747137069702e-01 2.530893087387084961e-01 2.827117741107940674e-01 3.142302632331848145e-01 3.476853072643280029e-01 3.830147981643676758e-01
-1.492270675953477621e-04 6.029850803315639496e-03 1.200420409440994263e-02 1.848766393959522247e-02 2.531513944268226624e-02 3.272391855716705322e-02 4.092457517981529236e-02 5.002290010452270508e-02 6.013573333621025085e-02 7.130807638168334961e-02 8.366903662681579590e-02 9.739500284194946289e-02 1.124578267335891724e-01 1.289047300815582275e-01 1.467612981796264648e-01 1.661423742771148682e-01 1.870263218879699707e-01 2.094418406486511230e-01 2.334116995334625244e-01 2.589027285575866699e-01 2.859276533126831055e-01
-1.635564840398728848e-04 9.247259236872196198e-03 1.837333105504512787e-02 2.806610427796840668e-02 3.818592801690101624e-02 4.902113974094390869e-02 6.066720560193061829e-02 7.348866760730743408e-02 8.738870918750762939e-02 1.025531888008117676e-01 1.191799342632293701e-01 1.373063921928405762e-01 1.569432765245437622e-01 1.781501173973083496e-01 2.010025978088378906e-01 2.255931645631790161e-01 2.519336938858032227e-01 2.800686657428741455e-01 3.098986744880676270e-01 3.415117263793945312e-01 3.748539686203002930e-01
-1.618262613192200661e-04 1.126237679272890091e-02 2.240114286541938782e-02 3.409584984183311462e-02 4.618310928344726562e-02 5.894483625888824463e-02 7.255456596612930298e-02 8.723090589046478271e-02 1.030145436525344849e-01 1.200515329837799072e-01 1.385159492492675781e-01 1.585427373647689819e-01 1.801320016384124756e-01 2.033811360597610474e-01 2.283461093902587891e-01 2.551825046539306641e-01 2.839012742042541504e-01 3.145938217639923096e-01 3.472320139408111572e-01 3.818932473659515381e-01 4.185626506805419922e-01
-1.619060640223324299e-04 1.111367437988519669e-02 2.209542691707611084e-02 3.360204026103019714e-02 4.547144472599029541e-02 5.799634009599685669e-02 7.127939909696578979e-02 8.561255782842636108e-02 1.009658873081207275e-01 1.175058335065841675e-01 1.354109495878219604e-01 1.547877788543701172e-01 1.756325066089630127e-01 1.980497837066650391e-01 2.221055924892425537e-01 2.479355633258819580e-01 2.755734026432037354e-01 3.050946593284606934e-01 3.364646732807159424e-01 3.697670102119445801e-01 4.050008952617645264e-01
-1.601517578819766641e-04 1.205906923860311508e-02 2.397221513092517853e-02 3.639646992087364197e-02 4.917337745428085327e-02 6.257749348878860474e-02 7.675642520189285278e-02 9.191717952489852905e-02 1.081037893891334534e-01 1.254561543464660645e-01 1.441511809825897217e-01 1.643331944942474365e-01 1.859823465347290039e-01 2.092376500368118286e-01 2.341243326663970947e-01 2.608328461647033691e-01 2.893923223018646240e-01 3.198827803134918213e-01 3.523141145706176758e-01 3.867582380771636963e-01 4.232654273509979248e-01
-1.796000287868082523e-04 4.439563490450382233e-03 8.758082985877990723e-03 1.338243205100297928e-02 1.798998937010765076e-02 2.269261330366134644e-02 2.752213925123214722e-02 3.264518082141876221e-02 3.796578198671340942e-02 4.348596557974815369e-02 4.925914481282234192e-02 5.553457885980606079e-02 6.216941028833389282e-02 6.925597786903381348e-02 7.684325426816940308e-02 8.507602661848068237e-02 9.403501451015472412e-02 1.037320941686630249e-01 1.143084317445755005e-01 1.258482486009597778e-01 1.383991837501525879e-01
-1.471405266784131527e-04 7.365277968347072601e-03 1.464328076690435410e-02 2.239038236439228058e-02 3.043146058917045593e-02 3.899198770523071289e-02 4.822094738483428955e-02 5.829434469342231750e-02 6.924937665462493896e-02 8.115659654140472412e-02 9.415042400360107422e-02 1.083787456154823303e-01 1.238032281398773193e-01 1.405083835124969482e-01 1.585231274366378784e-01 1.779653429985046387e-01 1.988392621278762817e-01 2.211872190237045288e-01 2.450219988822937012e-01 2.703673243522644043e-01 2.972387969493865967e-01
-1.723783207125961781e-04 1.178730651736259460e-02 2.350594103336334229e-02 3.586667403578758240e-02 4.875009134411811829e-02 6.249056756496429443e-02 7.731142640113830566e-02 9.342360496520996094e-02 1.109554767608642578e-01 1.300389617681503296e-01 1.508680433034896851e-01 1.736318171024322510e-01 1.983701884746551514e-01 2.251139730215072632e-01 2.539315819740295410e-01 2.850202918052673340e-01 3.183717727661132812e-01 3.540433645248413086e-01 3.920711278915405273e-01 4.324506819248199463e-01 4.751803576946258545e-01
-1.498818164691329002e-04 7.244250737130641937e-03 1.438264548778533936e-02 2.197898738086223602e-02 2.987033873796463013e-02 3.827107697725296021e-02 4.731834679841995239e-02 5.723065137863159180e-02 6.801317632198333740e-02 7.975472509860992432e-02 9.262128174304962158e-02 1.067520901560783386e-01 1.221170872449874878e-01 1.388288140296936035e-01 1.569434106349945068e-01 1.765831559896469116e-01 1.977825313806533813e-01 2.206098437309265137e-01 2.450617104768753052e-01 2.711928784847259521e-01 2.990270256996154785e-01
-1.435047306586056948e-04 7.436501793563365936e-03 1.477174460887908936e-02 2.252603694796562195e-02 3.050961531698703766e-02 3.892518207430839539e-02 4.792290180921554565e-02 5.764741823077201843e-02 6.814886629581451416e-02 7.949095219373703003e-02 9.181001782417297363e-02 1.052882894873619080e-01 1.198803707957267761e-01 1.357116997241973877e-01 1.528334021568298340e-01 1.713879704475402832e-01 1.914188861846923828e-01 2.129998058080673218e-01 2.361695617437362671e-01 2.609851658344268799e-01 2.874739170074462891e-01
-1.544656406622380018e-04 1.134956255555152893e-02 2.260166592895984650e-02 3.442878276109695435e-02 4.668936878442764282e-02 5.969770625233650208e-02 7.366337627172470093e-02 8.873234689235687256e-02 1.050237119197845459e-01 1.226816773414611816e-01 1.418808102607727051e-01 1.627659797668457031e-01 1.853537261486053467e-01 2.097201496362686157e-01 2.359635531902313232e-01 2.641727328300476074e-01 2.944105565547943115e-01 3.267163038253784180e-01 3.611409962177276611e-01 3.976912498474121094e-01 4.363806843757629395e-01
-1.609020982868969440e-04 5.415252875536680222e-03 1.061298232525587082e-02 1.617586798965930939e-02 2.179503440856933594e-02 2.757979370653629303e-02 3.348094597458839417e-02 3.992079943418502808e-02 4.650771617889404297e-02 5.345169082283973694e-02 6.071685999631881714e-02 6.846784055233001709e-02 7.657309621572494507e-02 8.508796244859695435e-02 9.408704936504364014e-02 1.036586388945579529e-01 1.138694360852241516e-01 1.248733326792716980e-01 1.365174651145935059e-01 1.492434591054916382e-01 1.629992276430130005e-01
-1.523263636045157909e-04 7.917220704257488251e-03 1.580064557492733002e-02 2.420787699520587921e-02 3.302707523107528687e-02 4.251533746719360352e-02 5.286594480276107788e-02 6.424988061189651489e-02 7.674689590930938721e-02 9.045907855033874512e-02 1.055126488208770752e-01 1.220747977495193481e-01 1.401073336601257324e-01 1.596788763999938965e-01 1.808359026908874512e-01 2.036790400743484497e-01 2.282355576753616333e-01 2.544573545455932617e-01 2.824272811412811279e-01 3.121238350868225098e-01 3.435139358043670654e-01
-1.622949494048953056e-04 1.031894609332084656e-02 2.052048593759536743e-02 3.119665198028087616e-02 4.223808646202087402e-02 5.389980599284172058e-02 6.624673306941986084e-02 7.964249700307846069e-02 9.397631883621215820e-02 1.094592958688735962e-01 1.262390613555908203e-01 1.444332748651504517e-01 1.640136092901229858e-01 1.851082444190979004e-01 2.077780812978744507e-01 2.321574985980987549e-01 2.583088576793670654e-01 2.862499952316284180e-01 3.159845173358917236e-01 3.476078212261199951e-01 3.810946345329284668e-01
-1.493425806984305382e-04 8.239345625042915344e-03 1.634692586958408356e-02 2.488789521157741547e-02 3.366439789533615112e-02 4.289081692695617676e-02 5.265134945511817932e-02 6.320978701114654541e-02 7.450315356254577637e-02 8.663997799158096313e-02 9.976526349782943726e-02 1.139996722340583801e-01 1.293047219514846802e-01 1.457948237657546997e-01 1.635178923606872559e-01 1.826009303331375122e-01 2.030712664127349854e-01 2.250045686960220337e-01 2.483786791563034058e-01 2.732884585857391357e-01 2.997364699840545654e-01
-1.404327049385756254e-04 7.589337415993213654e-03 1.505232229828834534e-02 2.293455787003040314e-02 3.101386502385139465e-02 3.949507325887680054e-02 4.851208254694938660e-02 5.819695442914962769e-02 6.860127300024032593e-02 7.976944744586944580e-02 9.183631837368011475e-02 1.049664914608001709e-01 1.191408708691596985e-01 1.344418823719024658e-01 1.509304493665695190e-01 1.687319129705429077e-01 1.878853887319564819e-01 2.084753662347793579e-01 2.305425554513931274e-01 2.541214525699615479e-01 2.792757153511047363e-01
-1.786091306712478399e-04 3.923198673874139786e-03 7.730941288173198700e-03 1.187736727297306061e-02 1.610292121767997742e-02 2.054939977824687958e-02 2.522009983658790588e-02 3.041061758995056152e-02 3.596132993698120117e-02 4.194429516792297363e-02 4.844320937991142273e-02 5.569069087505340576e-02 6.357076019048690796e-02 7.220169156789779663e-02 8.164833486080169678e-02 9.205469489097595215e-02 1.035024300217628479e-01 1.160043179988861084e-01 1.296429932117462158e-01 1.445110738277435303e-01 1.606109142303466797e-01
-1.743992324918508530e-04 1.228500902652740479e-02 2.447828091681003571e-02 3.733103349804878235e-02 5.070831626653671265e-02 6.496476382017135620e-02 8.029993623495101929e-02 9.697160124778747559e-02 1.150524318218231201e-01 1.347263902425765991e-01 1.561839878559112549e-01 1.795898526906967163e-01 2.050065100193023682e-01 2.324535250663757324e-01 2.620279788970947266e-01 2.938958406448364258e-01 3.280686736106872559e-01 3.645979762077331543e-01 4.035220146179199219e-01 4.448342323303222656e-01 4.885267019271850586e-01
-1.573354529682546854e-04 1.035805977880954742e-02 2.054974250495433807e-02 3.117044642567634583e-02 4.205583035945892334e-02 5.342648178339004517e-02 6.533865630626678467e-02 7.812218368053436279e-02 9.166575968265533447e-02 1.061393320560455322e-01 1.217028424143791199e-01 1.384517401456832886e-01 1.563840061426162720e-01 1.756099909543991089e-01 1.962255686521530151e-01 2.183444499969482422e-01 2.420585602521896362e-01 2.674155235290527344e-01 2.944272756576538086e-01 3.232102096080780029e-01 3.537876605987548828e-01
-1.445471134502440691e-04 9.639049880206584930e-03 1.915673539042472839e-02 2.907274104654788971e-02 3.917098417878150940e-02 4.967047646641731262e-02 6.069857999682426453e-02 7.243108004331588745e-02 8.483671396970748901e-02 9.808500111103057861e-02 1.122604757547378540e-01 1.275455504655838013e-01 1.438987255096435547e-01 1.614564210176467896e-01 1.803297698497772217e-01 2.006172835826873779e-01 2.224178165197372437e-01 2.457631528377532959e-01 2.707417607307434082e-01 2.974556982517242432e-01 3.258629143238067627e-01
-1.578686933498829603e-04 1.159735210239887238e-02 2.312985807657241821e-02 3.523311018943786621e-02 4.777245596051216125e-02 6.104470789432525635e-02 7.532872259616851807e-02 9.065689146518707275e-02 1.072641089558601379e-01 1.252283155918121338e-01 1.447090208530426025e-01 1.659206598997116089e-01 1.888815313577651978e-01 2.136446684598922729e-01 2.402294725179672241e-01 2.688581943511962891e-01 2.995140552520751953e-01 3.322717249393463135e-01 3.672022819519042969e-01 4.042725265026092529e-01 4.435277879238128662e-01
-1.982438552659004927e-04 2.679293043911457062e-03 5.262508988380432129e-03 8.250270038843154907e-03 1.135813444852828979e-02 1.477650925517082214e-02 1.850787550210952759e-02 2.288931980729103088e-02 2.774702385067939758e-02 3.318214043974876404e-02 3.929976373910903931e-02 4.632113873958587646e-02 5.413887649774551392e-02 6.287948787212371826e-02 7.260473072528839111e-02 8.347477018833160400e-02 9.554532915353775024e-02 1.088535264134407043e-01 1.234218478202819824e-01 1.393579840660095215e-01 1.566344797611236572e-01
-1.357180881313979626e-04 8.515802212059497833e-03 1.682539656758308411e-02 2.548101171851158142e-02 3.420405834913253784e-02 4.316223412752151489e-02 5.242012441158294678e-02 6.209555268287658691e-02 7.218645513057708740e-02 8.270998299121856689e-02 9.374289959669113159e-02 1.054559946060180664e-01 1.177724003791809082e-01 1.307830214500427246e-01 1.445344537496566772e-01 1.591581553220748901e-01 1.747183948755264282e-01 1.912866830825805664e-01 2.089842259883880615e-01 2.279149293899536133e-01 2.482078075408935547e-01
-1.509122375864535570e-04 1.023171562701463699e-02 2.042113617062568665e-02 3.121342882513999939e-02 4.250603914260864258e-02 5.462989211082458496e-02 6.783597171306610107e-02 8.221641182899475098e-02 9.796638786792755127e-02 1.151901781558990479e-01 1.340791285037994385e-01 1.547705084085464478e-01 1.772810667753219604e-01 2.016737759113311768e-01 2.280071228742599487e-01 2.563698589801788330e-01 2.868124544620513916e-01 3.193246126174926758e-01 3.539850413799285889e-01 3.907222151756286621e-01 4.295753240585327148e-01
-1.483867235947400331e-04 5.941313225775957108e-03 1.184806227684020996e-02 1.826360262930393219e-02 2.501624450087547302e-02 3.235432505607604980e-02 4.048766195774078369e-02 4.949413239955902100e-02 5.950979143381118774e-02 7.056327164173126221e-02 8.275826275348663330e-02 9.628219902515411377e-02 1.110825538635253906e-01 1.272006928920745850e-01 1.446364223957061768e-01 1.634886264801025391e-01 1.837266087532043457e-01 2.053292244672775269e-01 2.283625453710556030e-01 2.527561783790588379e-01 2.785066366195678711e-01
-1.432140270480886102e-04 7.257010787725448608e-03 1.440824754536151886e-02 2.197781950235366821e-02 2.976031973958015442e-02 3.796617314219474792e-02 4.672273248434066772e-02 5.618295818567276001e-02 6.637875735759735107e-02 7.737732678651809692e-02 8.929643034934997559e-02 1.023128032684326172e-01 1.163899973034858704e-01 1.316238492727279663e-01 1.480670869350433350e-01 1.658446937799453735e-01 1.849988698959350586e-01 2.055815011262893677e-01 2.276501953601837158e-01 2.512384355068206787e-01 2.763813734054565430e-01
-1.533655158709734678e-04 5.099388770759105682e-03 1.011474803090095520e-02 1.562097109854221344e-02 2.140860073268413544e-02 2.770272083580493927e-02 3.465699404478073120e-02 4.242669045925140381e-02 5.105927959084510803e-02 6.059429794549942017e-02 7.114807516336441040e-02 8.289173990488052368e-02 9.578714519739151001e-02 1.098669320344924927e-01 1.251610666513442993e-01 1.417556554079055786e-01 1.596255302429199219e-01 1.788160204887390137e-01 1.993193030357360840e-01 2.211122214794158936e-01 2.442157566547393799e-01
-1.355507265543565154e-04 7.629146799445152283e-03 1.511445734649896622e-02 2.292341366410255432e-02 3.081282973289489746e-02 3.892808407545089722e-02 4.737310111522674561e-02 5.621327832341194153e-02 6.551820039749145508e-02 7.525065541267395020e-02 8.551055192947387695e-02 9.650313109159469604e-02 1.081559881567955017e-01 1.205523461103439331e-01 1.337291151285171509e-01 1.478185057640075684e-01 1.628856211900711060e-01 1.789723932743072510e-01 1.962156593799591064e-01 2.146258354187011719e-01 2.343324422836303711e-01
-1.565094717079773545e-04 5.827177315950393677e-03 1.150493510067462921e-02 1.751090958714485168e-02 2.359392121434211731e-02 2.989365160465240479e-02 3.643561154603958130e-02 4.344440996646881104e-02 5.082185566425323486e-02 5.861984193325042725e-02 6.691031157970428467e-02 7.590456306934356689e-02 8.550606667995452881e-02 9.581136703491210938e-02 1.068878024816513062e-01 1.188542321324348450e-01 1.317889690399169922e-01 1.457125842571258545e-01 1.607362776994705200e-01 1.769371032714843750e-01 1.943606436252593994e-01
-1.368848461424931884e-04 6.882074289023876190e-03 1.363881770521402359e-02 2.074744738638401031e-02 2.793420478701591492e-02 3.536448627710342407e-02 4.318322986364364624e-02 5.142351239919662476e-02 6.017148494720458984e-02 6.942701339721679688e-02 7.927776128053665161e-02 8.995512127876281738e-02 1.014098152518272400e-01 1.137285083532333374e-01 1.269681751728057861e-01 1.412826329469680786e-01 1.567261964082717896e-01 1.733645945787429810e-01 1.913332343101501465e-01 2.106540948152542114e-01 2.313939481973648071e-01
-1.555669878143817186e-04 8.347380906343460083e-03 1.663233712315559387e-02 2.540166117250919342e-02 3.453249111771583557e-02 4.428521543741226196e-02 5.479998886585235596e-02 6.631930917501449585e-02 7.883509993553161621e-02 9.251846373081207275e-02 1.075050383806228638e-01 1.239323019981384277e-01 1.418144851922988892e-01 1.612199395895004272e-01 1.822510063648223877e-01 2.049978971481323242e-01 2.295403778553009033e-01 2.558615803718566895e-01 2.840427160263061523e-01 3.140928745269775391e-01 3.459950387477874756e-01
-1.790707465261220932e-04 1.622094213962554932e-02 3.236171603202819824e-02 4.898503795266151428e-02 6.602059304714202881e-02 8.368724584579467773e-02 1.022423058748245239e-01 1.217384561896324158e-01 1.424083113670349121e-01 1.642749011516571045e-01 1.875524818897247314e-01 2.125082015991210938e-01 2.390283644199371338e-01 2.673150897026062012e-01 2.973748743534088135e-01 3.294565975666046143e-01 3.636222779750823975e-01 3.999314904212951660e-01 4.385011792182922363e-01 4.793974161148071289e-01 5.226911306381225586e-01
-1.425310329068452120e-04 8.319084532558917999e-03 1.650334708392620087e-02 2.516038343310356140e-02 3.409478068351745605e-02 4.354942217469215393e-02 5.364394932985305786e-02 6.458297371864318848e-02 7.638723403215408325e-02 8.914379030466079712e-02 1.030269339680671692e-01 1.181428134441375732e-01 1.345051079988479614e-01 1.521925032138824463e-01 1.712788343429565430e-01 1.918642371892929077e-01 2.139974832534790039e-01 2.377431541681289673e-01 2.631250321865081787e-01 2.901763021945953369e-01 3.189672231674194336e-01
-1.445355446776375175e-04 6.115629337728023529e-03 1.210279576480388641e-02 1.841961964964866638e-02 2.480289898812770844e-02 3.139361739158630371e-02 3.830138221383094788e-02 4.561375454068183899e-02 5.336763709783554077e-02 6.155494228005409241e-02 7.027216255664825439e-02 7.975523173809051514e-02 8.993615210056304932e-02 1.009099408984184265e-01 1.127314940094947815e-01 1.255623698234558105e-01 1.394660174846649170e-01 1.545033007860183716e-01 1.707975268363952637e-01 1.883847713470458984e-01 2.073366791009902954e-01
-1.628552272450178862e-04 1.263021491467952728e-02 2.508655004203319550e-02 3.804680332541465759e-02 5.132333561778068542e-02 6.518568098545074463e-02 7.975838333368301392e-02 9.529937058687210083e-02 1.117713153362274170e-01 1.293551623821258545e-01 1.482297778129577637e-01 1.684925109148025513e-01 1.901795864105224609e-01 2.133616209030151367e-01 2.381496131420135498e-01 2.646686732769012451e-01 2.929762005805969238e-01 3.231827318668365479e-01 3.552455902099609375e-01 3.892814517021179199e-01 4.252923727035522461e-01
-1.469727576477453113e-04 5.939451977610588074e-03 1.179061923176050186e-02 1.812601462006568909e-02 2.473873272538185120e-02 3.185881301760673523e-02 3.965815156698226929e-02 4.826298728585243225e-02 5.775040388107299805e-02 6.816691160202026367e-02 7.963739335536956787e-02 9.233587980270385742e-02 1.062371879816055298e-01 1.213959753513336182e-01 1.378506124019622803e-01 1.557103693485260010e-01 1.749666333198547363e-01 1.956805139780044556e-01 2.178612053394317627e-01 2.415034025907516479e-01 2.666378915309906006e-01
-1.403652131557464600e-04 7.604662328958511353e-03 1.506836153566837311e-02 2.292193099856376648e-02 3.093544021248817444e-02 3.928758203983306885e-02 4.810962826013565063e-02 5.753362923860549927e-02 6.759666651487350464e-02 7.833432406187057495e-02 8.989095687866210938e-02 1.024379059672355652e-01 1.159374713897705078e-01 1.305043548345565796e-01 1.461971849203109741e-01 1.631693542003631592e-01 1.814632415771484375e-01 2.011958807706832886e-01 2.223915159702301025e-01 2.451292872428894043e-01 2.694706618785858154e-01
-2.216532593593001366e-04 2.183809876441955566e-03 4.293151199817657471e-03 6.875215098261833191e-03 9.552586823701858521e-03 1.256016269326210022e-02 1.592680066823959351e-02 1.988464593887329102e-02 2.434812486171722412e-02 2.934879809617996216e-02 3.499777615070343018e-02 4.148900508880615234e-02 4.869817942380905151e-02 5.671202391386032104e-02 6.556283682584762573e-02 7.537339627742767334e-02 8.616080880165100098e-02 9.797401726245880127e-02 1.108248531818389893e-01 1.247650533914566040e-01 1.398306041955947876e-01
-2.158234710805118084e-04 2.687671687453985214e-03 5.306398496031761169e-03 8.307868614792823792e-03 1.125950738787651062e-02 1.435128599405288696e-02 1.765502244234085083e-02 2.124071866273880005e-02 2.511646971106529236e-02 2.925151586532592773e-02 3.373498469591140747e-02 3.883475810289382935e-02 4.441474378108978271e-02 5.059091001749038696e-02 5.740062892436981201e-02 6.505395472049713135e-02 7.361464202404022217e-02 8.313906192779541016e-02 9.376943111419677734e-02 1.055756658315658569e-01 1.186204999685287476e-01
-1.461347274016588926e-04 6.007173098623752594e-03 1.189699117094278336e-02 1.822134479880332947e-02 2.471631020307540894e-02 3.157784789800643921e-02 3.893839567899703979e-02 4.691396281123161316e-02 5.554259568452835083e-02 6.482743471860885620e-02 7.488033175468444824e-02 8.586464822292327881e-02 9.773649275302886963e-02 1.105300635099411011e-01 1.242769584059715271e-01 1.390645354986190796e-01 1.548877954483032227e-01 1.718041002750396729e-01 1.898461133241653442e-01 2.089960575103759766e-01 2.293041050434112549e-01
-1.335506094619631767e-04 9.817792102694511414e-03 1.944712921977043152e-02 2.942512743175029755e-02 3.951543197035789490e-02 4.988773539662361145e-02 6.062611192464828491e-02 7.188725471496582031e-02 8.364104479551315308e-02 9.593806415796279907e-02 1.088800728321075439e-01 1.226119622588157654e-01 1.371222436428070068e-01 1.524377018213272095e-01 1.686586439609527588e-01 1.858971118927001953e-01 2.042676508426666260e-01 2.238066941499710083e-01 2.446691542863845825e-01 2.669227123260498047e-01 2.906880378723144531e-01
-1.481259823776781559e-04 6.079383194446563721e-03 1.207965798676013947e-02 1.857395470142364502e-02 2.537085115909576416e-02 3.270641341805458069e-02 4.076234996318817139e-02 4.966846853494644165e-02 5.950694531202316284e-02 7.033423334360122681e-02 8.227786421775817871e-02 9.551142156124114990e-02 1.100126132369041443e-01 1.258376687765121460e-01 1.430269032716751099e-01 1.616899073123931885e-01 1.818223297595977783e-01 2.034723013639450073e-01 2.266576886177062988e-01 2.513672709465026855e-01 2.776238322257995605e-01
-1.582008844707161188e-04 8.239881135523319244e-03 1.643549092113971710e-02 2.515048719942569733e-02 3.430325165390968323e-02 4.414255172014236450e-02 5.482066795229911804e-02 6.660038977861404419e-02 7.950275391340255737e-02 9.363798052072525024e-02 1.091732308268547058e-01 1.262480020523071289e-01 1.448004096746444702e-01 1.649468988180160522e-01 1.867137849330902100e-01 2.102227061986923218e-01 2.354963421821594238e-01 2.625141441822052002e-01 2.912910282611846924e-01 3.218532800674438477e-01 3.541797995567321777e-01
-1.456789614167064428e-04 6.013251375406980515e-03 1.191617175936698914e-02 1.823516935110092163e-02 2.474409714341163635e-02 3.164280205965042114e-02 3.905664384365081787e-02 4.713065177202224731e-02 5.589602887630462646e-02 6.540179252624511719e-02 7.576087117195129395e-02 8.716963231563568115e-02 9.958963841199874878e-02 1.131046116352081299e-01 1.277712434530258179e-01 1.437144875526428223e-01 1.609720289707183838e-01 1.796056926250457764e-01 1.996679902076721191e-01 2.211849838495254517e-01 2.442007660865783691e-01
-1.562964753247797489e-04 9.785418398678302765e-03 1.949519477784633636e-02 2.978747710585594177e-02 4.054658859968185425e-02 5.206840112805366516e-02 6.454855948686599731e-02 7.819271832704544067e-02 9.306953102350234985e-02 1.093111634254455566e-01 1.271103769540786743e-01 1.465705484151840210e-01 1.676766276359558105e-01 1.905243992805480957e-01 2.151537686586380005e-01 2.416695803403854370e-01 2.700911462306976318e-01 3.004518747329711914e-01 3.327158093452453613e-01 3.669152557849884033e-01 4.030344784259796143e-01
-1.634373329579830170e-04 1.100832782685756683e-02 2.185894735157489777e-02 3.314578160643577576e-02 4.469830170273780823e-02 5.677299946546554565e-02 6.936679780483245850e-02 8.292095363140106201e-02 9.722050279378890991e-02 1.125042885541915894e-01 1.289058923721313477e-01 1.465383172035217285e-01 1.653265655040740967e-01 1.854592561721801758e-01 2.070039212703704834e-01 2.300821244716644287e-01 2.547739148139953613e-01 2.811090052127838135e-01 3.090376853942871094e-01 3.387658298015594482e-01 3.701800107955932617e-01
-1.765723282005637884e-04 1.086065731942653656e-02 2.168614044785499573e-02 3.311618044972419739e-02 4.505944252014160156e-02 5.779344961047172546e-02 7.156480848789215088e-02 8.659057319164276123e-02 1.029841229319572449e-01 1.208468228578567505e-01 1.403864026069641113e-01 1.617952585220336914e-01 1.850821375846862793e-01 2.103006392717361450e-01 2.375063598155975342e-01 2.669252157211303711e-01 2.985377907752990723e-01 3.323961198329925537e-01 3.685137629508972168e-01 4.069407582283020020e-01 4.476095438003540039e-01
-1.556067727506160736e-04 9.883643127977848053e-03 1.964966021478176117e-02 2.996520511806011200e-02 4.066808149218559265e-02 5.203132703900337219e-02 6.421927362680435181e-02 7.747362554073333740e-02 9.180940687656402588e-02 1.073717549443244934e-01 1.243579238653182983e-01 1.428630948066711426e-01 1.629178673028945923e-01 1.846011132001876831e-01 2.079898864030838013e-01 2.332101762294769287e-01 2.602938413619995117e-01 2.893139123916625977e-01 3.202530741691589355e-01 3.531758189201354980e-01 3.880782127380371094e-01
-1.511150330770760775e-04 9.271461516618728638e-03 1.842574216425418854e-02 2.812128886580467224e-02 3.817673772573471069e-02 4.888774454593658447e-02 6.040181592106819153e-02 7.293646782636642456e-02 8.651850372552871704e-02 1.012976765632629395e-01 1.174427270889282227e-01 1.350546330213546753e-01 1.541728377342224121e-01 1.748577058315277100e-01 1.972024589776992798e-01 2.212960869073867798e-01 2.471969872713088989e-01 2.749374806880950928e-01 3.045557439327239990e-01 3.360726833343505859e-01 3.694911003112792969e-01
-1.671280479058623314e-04 1.138245034962892532e-02 2.261691913008689880e-02 3.440902382135391235e-02 4.660454019904136658e-02 5.946794152259826660e-02 7.314226031303405762e-02 8.793939650058746338e-02 1.037757694721221924e-01 1.208524405956268311e-01 1.393672078847885132e-01 1.593672335147857666e-01 1.809230744838714600e-01 2.040229439735412598e-01 2.288057804107666016e-01 2.553806900978088379e-01 2.837513983249664307e-01 3.140355348587036133e-01 3.461290597915649414e-01 3.801209330558776855e-01 4.159770607948303223e-01
-1.620363327674567699e-04 4.972435068339109421e-03 9.822126477956771851e-03 1.497496291995048523e-02 2.014258131384849548e-02 2.544102445244789124e-02 3.093574382364749908e-02 3.676603734493255615e-02 4.288799315690994263e-02 4.930034652352333069e-02 5.608027800917625427e-02 6.347969919443130493e-02 7.139471173286437988e-02 7.992228865623474121e-02 8.911923319101333618e-02 9.914809465408325195e-02 1.100880801677703857e-01 1.219682022929191589e-01 1.349321305751800537e-01 1.490341573953628540e-01 1.643228679895401001e-01
-1.503258536104112864e-04 9.930688887834548950e-03 1.979779824614524841e-02 3.026885166764259338e-02 4.120834916830062866e-02 5.296402052044868469e-02 6.573499739170074463e-02 7.967759668827056885e-02 9.493538737297058105e-02 1.116125509142875671e-01 1.299107521772384644e-01 1.499500721693038940e-01 1.717053800821304321e-01 1.953137367963790894e-01 2.207640856504440308e-01 2.481782585382461548e-01 2.775677144527435303e-01 3.089803755283355713e-01 3.423798084259033203e-01 3.777827024459838867e-01 4.151968955993652344e-01
-1.539145014248788357e-04 1.184754446148872375e-02 2.353944256901741028e-02 3.576700016856193542e-02 4.833259433507919312e-02 6.152141839265823364e-02 7.551939040422439575e-02 9.047582745552062988e-02 1.064626425504684448e-01 1.236243024468421936e-01 1.421403735876083374e-01 1.621235013008117676e-01 1.836075037717819214e-01 2.066830396652221680e-01 2.314209938049316406e-01 2.579568028450012207e-01 2.863415777683258057e-01 3.166580796241760254e-01 3.489338159561157227e-01 3.832111358642578125e-01 4.195441007614135742e-01
-1.499297213740646839e-04 1.117233000695705414e-02 2.218176238238811493e-02 3.375328332185745239e-02 4.564977064728736877e-02 5.816769599914550781e-02 7.151032239198684692e-02 8.579629659652709961e-02 1.011193022131919861e-01 1.176113486289978027e-01 1.354467421770095825e-01 1.547309905290603638e-01 1.755335927009582520e-01 1.978970766067504883e-01 2.219064086675643921e-01 2.476972341537475586e-01 2.753130793571472168e-01 3.048045337200164795e-01 3.362547457218170166e-01 3.696736395359039307e-01 4.050977230072021484e-01
-1.496705517638474703e-04 1.027545984834432602e-02 2.041148953139781952e-02 3.108452633023262024e-02 4.208945855498313904e-02 5.370485037565231323e-02 6.611239165067672729e-02 7.946681976318359375e-02 9.385224431753158569e-02 1.093714535236358643e-01 1.262159049510955811e-01 1.445002257823944092e-01 1.642602384090423584e-01 1.855722665786743164e-01 2.084917724132537842e-01 2.331792414188385010e-01 2.596664130687713623e-01 2.880090475082397461e-01 3.182596266269683838e-01 3.504472970962524414e-01 3.846174180507659912e-01
-1.568805892020463943e-04 4.960079677402973175e-03 9.831503033638000488e-03 1.516511570662260056e-02 2.075502648949623108e-02 2.681148238480091095e-02 3.347572684288024902e-02 4.093348979949951172e-02 4.919829219579696655e-02 5.833302810788154602e-02 6.845854222774505615e-02 7.976765185594558716e-02 9.221597015857696533e-02 1.058767288923263550e-01 1.207930594682693481e-01 1.370907425880432129e-01 1.547726690769195557e-01 1.738926470279693604e-01 1.944592893123626709e-01 2.164917588233947754e-01 2.399969249963760376e-01
-1.529369619674980640e-04 5.261035636067390442e-03 1.041401829570531845e-02 1.602285727858543396e-02 2.186530083417892456e-02 2.815515734255313873e-02 3.502005338668823242e-02 4.264832288026809692e-02 5.104604363441467285e-02 6.028047576546669006e-02 7.047785073518753052e-02 8.182165771722793579e-02 9.427824616432189941e-02 1.079251170158386230e-01 1.228190436959266663e-01 1.390794813632965088e-01 1.567242592573165894e-01 1.758226156234741211e-01 1.963811814785003662e-01 2.184310853481292725e-01 2.419954836368560791e-01
-1.555226626805961132e-04 1.125883217900991440e-02 2.244257740676403046e-02 3.418717533349990845e-02 4.636345431208610535e-02 5.926125869154930115e-02 7.311235368251800537e-02 8.803544193506240845e-02 1.041722148656845093e-01 1.216217204928398132e-01 1.405802220106124878e-01 1.611820757389068604e-01 1.834489554166793823e-01 2.074375748634338379e-01 2.332000732421875000e-01 2.608905434608459473e-01 2.905196249485015869e-01 3.221539556980133057e-01 3.558140397071838379e-01 3.914810717105865479e-01 4.292089343070983887e-01
-1.419824548065662384e-04 7.105486001819372177e-03 1.410205569118261337e-02 2.152971923351287842e-02 2.918133884668350220e-02 3.727450594305992126e-02 4.594158753752708435e-02 5.532757192850112915e-02 6.547935307025909424e-02 7.645781338214874268e-02 8.838656544685363770e-02 1.014381274580955505e-01 1.155864149332046509e-01 1.309160739183425903e-01 1.474851071834564209e-01 1.654079109430313110e-01 1.847252547740936279e-01 2.054945826530456543e-01 2.277683019638061523e-01 2.515677809715270996e-01 2.769417762756347656e-01
-1.540581870358437300e-04 8.894271217286586761e-03 1.773330569267272949e-02 2.711666375398635864e-02 3.692220896482467651e-02 4.741655290126800537e-02 5.880330502986907959e-02 7.127083092927932739e-02 8.488463610410690308e-02 9.978129714727401733e-02 1.161153763532638550e-01 1.340264678001403809e-01 1.535358875989913940e-01 1.746927946805953979e-01 1.975786089897155762e-01 2.223032116889953613e-01 2.489010244607925415e-01 2.773843109607696533e-01 3.078016042709350586e-01 3.401648700237274170e-01 3.744390308856964111e-01
-1.583963166922330856e-04 1.154995989054441452e-02 2.293423749506473541e-02 3.470350801944732666e-02 4.669345170259475708e-02 5.910133570432662964e-02 7.198791205883026123e-02 8.567422628402709961e-02 1.000210195779800415e-01 1.152273043990135193e-01 1.314166039228439331e-01 1.487272381782531738e-01 1.671400219202041626e-01 1.867647469043731689e-01 2.077271342277526855e-01 2.301403135061264038e-01 2.541206479072570801e-01 2.796937227249145508e-01 3.069014847278594971e-01 3.358825743198394775e-01 3.665870130062103271e-01
-1.805218926165252924e-04 3.461974672973155975e-03 6.823544390499591827e-03 1.059367321431636810e-02 1.453838683664798737e-02 1.884173415601253510e-02 2.352427691221237183e-02 2.892334014177322388e-02 3.487924113869667053e-02 4.149692133069038391e-02 4.887381196022033691e-02 5.721816420555114746e-02 6.643493473529815674e-02 7.662705332040786743e-02 8.785410225391387939e-02 1.002364978194236755e-01 1.138196513056755066e-01 1.286206394433975220e-01 1.446575820446014404e-01 1.620035767555236816e-01 1.806324869394302368e-01
-1.492537267040461302e-04 8.890503086149692535e-03 1.762554049491882324e-02 2.685208246111869812e-02 3.636243566870689392e-02 4.641766846179962158e-02 5.711524188518524170e-02 6.871073693037033081e-02 8.117338269948959351e-02 9.463433176279067993e-02 1.092654466629028320e-01 1.251531988382339478e-01 1.423270106315612793e-01 1.608547866344451904e-01 1.808291226625442505e-01 2.023431211709976196e-01 2.254522442817687988e-01 2.502232193946838379e-01 2.766622602939605713e-01 3.048202097415924072e-01 3.347370624542236328e-01
-1.340926828561350703e-04 7.614673580974340439e-03 1.501538604497909546e-02 2.275224402546882629e-02 3.045875206589698792e-02 3.826954960823059082e-02 4.632653295993804932e-02 5.461291596293449402e-02 6.317473948001861572e-02 7.198669761419296265e-02 8.112619817256927490e-02 9.078654646873474121e-02 1.008727401494979858e-01 1.114816516637802124e-01 1.226469278335571289e-01 1.345037519931793213e-01 1.470862179994583130e-01 1.605175435543060303e-01 1.748850941658020020e-01 1.902554184198379517e-01 2.067455351352691650e-01
-1.735061523504555225e-04 4.681358579546213150e-03 9.241754189133644104e-03 1.410365197807550430e-02 1.895381137728691101e-02 2.390192635357379913e-02 2.899374067783355713e-02 3.437232971191406250e-02 3.996938467025756836e-02 4.577256366610527039e-02 5.184395238757133484e-02 5.843200534582138062e-02 6.540095061063766479e-02 7.284167408943176270e-02 8.080156147480010986e-02 8.942208439111709595e-02 9.878340363502502441e-02 1.088954061269760132e-01 1.199087798595428467e-01 1.318800300359725952e-01 1.448697894811630249e-01
-1.583267876412719488e-04 1.201573479920625687e-02 2.388836629688739777e-02 3.617886453866958618e-02 4.871655628085136414e-02 6.172662228345870972e-02 7.532791793346405029e-02 8.971753716468811035e-02 1.048981100320816040e-01 1.209984198212623596e-01 1.381389051675796509e-01 1.564757823944091797e-01 1.760475039482116699e-01 1.968890279531478882e-01 2.190755307674407959e-01 2.427960634231567383e-01 2.681187987327575684e-01 2.950402200222015381e-01 3.237081170082092285e-01 3.541525006294250488e-01 3.864005804061889648e-01
-1.719108113320544362e-04 1.443181000649929047e-02 2.876223251223564148e-02 4.367227479815483093e-02 5.908133834600448608e-02 7.527950406074523926e-02 9.250029921531677246e-02 1.109162196516990662e-01 1.306553483009338379e-01 1.518649160861968994e-01 1.747907400131225586e-01 1.995786428451538086e-01 2.262176871299743652e-01 2.548684477806091309e-01 2.855886816978454590e-01 3.185316920280456543e-01 3.537600040435791016e-01 3.913705348968505859e-01 4.313749074935913086e-01 4.738230109214782715e-01 5.187856554985046387e-01
-1.921711373142898083e-04 3.146391827613115311e-03 6.197490729391574860e-03 9.611800312995910645e-03 1.310208253562450409e-02 1.683083549141883850e-02 2.080422639846801758e-02 2.531036734580993652e-02 3.019863739609718323e-02 3.553695976734161377e-02 4.141354560852050781e-02 4.806508868932723999e-02 5.537043511867523193e-02 6.344792991876602173e-02 7.235576212406158447e-02 8.224690705537796021e-02 9.319303929805755615e-02 1.052067875862121582e-01 1.183659285306930542e-01 1.327538192272186279e-01 1.483656316995620728e-01
-1.795866410247981548e-04 3.544860519468784332e-03 7.001421414315700531e-03 1.092175953090190887e-02 1.508788764476776123e-02 1.970899477601051331e-02 2.481487020850181580e-02 3.074302896857261658e-02 3.735650703310966492e-02 4.474034160375595093e-02 5.299319326877593994e-02 6.228182837367057800e-02 7.250642031431198120e-02 8.372489362955093384e-02 9.597234427928924561e-02 1.092942208051681519e-01 1.236942186951637268e-01 1.391646265983581543e-01 1.556857973337173462e-01 1.732663810253143311e-01 1.918968558311462402e-01
-1.502587110735476017e-04 1.234793942421674728e-02 2.454438433051109314e-02 3.734717518091201782e-02 5.051683634519577026e-02 6.437107920646667480e-02 7.921674102544784546e-02 9.501253813505172729e-02 1.120210886001586914e-01 1.303199082612991333e-01 1.501016616821289062e-01 1.715347468852996826e-01 1.946665048599243164e-01 2.195697426795959473e-01 2.462759315967559814e-01 2.749920487403869629e-01 3.057270050048828125e-01 3.385723233222961426e-01 3.736244440078735352e-01 4.108550548553466797e-01 4.503560066223144531e-01
-1.351517566945403814e-04 7.438685745000839233e-03 1.474544592201709747e-02 2.243009582161903381e-02 3.022307530045509338e-02 3.830262273550033569e-02 4.681538045406341553e-02 5.581158027052879333e-02 6.537363678216934204e-02 7.550323754549026489e-02 8.630385249853134155e-02 9.796982258558273315e-02 1.104627549648284912e-01 1.238602697849273682e-01 1.382072865962982178e-01 1.536404192447662354e-01 1.701926589012145996e-01 1.879478394985198975e-01 2.069898396730422974e-01 2.273443192243576050e-01 2.490768134593963623e-01
-1.470729330321773887e-04 5.901639349758625031e-03 1.166570931673049927e-02 1.782575622200965881e-02 2.413162402808666229e-02 3.075824305415153503e-02 3.781134635210037231e-02 4.544828087091445923e-02 5.367330089211463928e-02 6.251195073127746582e-02 7.209156453609466553e-02 8.259719610214233398e-02 9.398514777421951294e-02 1.063371747732162476e-01 1.197132170200347900e-01 1.342442333698272705e-01 1.499680429697036743e-01 1.669744253158569336e-01 1.852950304746627808e-01 2.049792706966400146e-01 2.260920107364654541e-01
-1.504471292719244957e-04 9.086838923394680023e-03 1.802534237504005432e-02 2.746242657303810120e-02 3.720042109489440918e-02 4.750007018446922302e-02 5.845914781093597412e-02 7.034922391176223755e-02 8.312936127185821533e-02 9.694080799818038940e-02 1.119495332241058350e-01 1.282427310943603516e-01 1.458450108766555786e-01 1.648270338773727417e-01 1.852739155292510986e-01 2.072839289903640747e-01 2.308982014656066895e-01 2.561923265457153320e-01 2.831486761569976807e-01 3.118342161178588867e-01 3.422664701938629150e-01
-1.622086856514215469e-04 1.129973959177732468e-02 2.254007756710052490e-02 3.436723351478576660e-02 4.668150842189788818e-02 5.975991114974021912e-02 7.386789470911026001e-02 8.912742882966995239e-02 1.057016029953956604e-01 1.236835420131683350e-01 1.432668566703796387e-01 1.646290421485900879e-01 1.877450644969940186e-01 2.127064168453216553e-01 2.395551204681396484e-01 2.684537470340728760e-01 2.994020581245422363e-01 3.324660062789916992e-01 3.676500022411346436e-01 4.049609303474426270e-01 4.444138407707214355e-01
-1.592844637343659997e-04 5.337252747267484665e-03 1.054561417549848557e-02 1.603827998042106628e-02 2.155380137264728546e-02 2.720265090465545654e-02 3.302146494388580322e-02 3.918876126408576965e-02 4.562726244330406189e-02 5.235464498400688171e-02 5.943513289093971252e-02 6.711912155151367188e-02 7.528816163539886475e-02 8.405255526304244995e-02 9.346802532672882080e-02 1.036792472004890442e-01 1.147774904966354370e-01 1.267599314451217651e-01 1.397902667522430420e-01 1.539187878370285034e-01 1.691888570785522461e-01
-1.466301619075238705e-04 9.135819040238857269e-03 1.812692545354366302e-02 2.761258929967880249e-02 3.739373013377189636e-02 4.772592335939407349e-02 5.873834714293479919e-02 7.064222544431686401e-02 8.345299959182739258e-02 9.727724641561508179e-02 1.123030856251716614e-01 1.286174356937408447e-01 1.462603807449340820e-01 1.652928441762924194e-01 1.857964098453521729e-01 2.078872174024581909e-01 2.316173762083053589e-01 2.570321857929229736e-01 2.841823101043701172e-01 3.130929768085479736e-01 3.438276648521423340e-01
-1.664402079768478870e-04 4.323442932218313217e-03 8.526367135345935822e-03 1.313956454396247864e-02 1.792603917419910431e-02 2.306936122477054596e-02 2.862526476383209229e-02 3.487473726272583008e-02 4.171393439173698425e-02 4.923002049326896667e-02 5.753842741250991821e-02 6.683657318353652954e-02 7.706012576818466187e-02 8.830738812685012817e-02 1.006448119878768921e-01 1.142054423689842224e-01 1.290312707424163818e-01 1.451805233955383301e-01 1.626621782779693604e-01 1.815527528524398804e-01 2.018532156944274902e-01
-1.488459820393472910e-04 1.513766031712293625e-02 3.009847924113273621e-02 4.567449539899826050e-02 6.160487979650497437e-02 7.822217792272567749e-02 9.588278830051422119e-02 1.144407838582992554e-01 1.342686116695404053e-01 1.553794294595718384e-01 1.779747307300567627e-01 2.022851109504699707e-01 2.283024787902832031e-01 2.561448812484741211e-01 2.858103811740875244e-01 3.175498843193054199e-01 3.513714969158172607e-01 3.873974978923797607e-01 4.256770610809326172e-01 4.662631154060363770e-01 5.091732740402221680e-01
-2.003456029342487454e-04 3.215195611119270325e-03 6.340768188238143921e-03 9.815698489546775818e-03 1.327616348862648010e-02 1.688086614012718201e-02 2.067010849714279175e-02 2.480380609631538391e-02 2.921329438686370850e-02 3.390819206833839417e-02 3.896758705377578735e-02 4.465307295322418213e-02 5.083099007606506348e-02 5.761947482824325562e-02 6.506828963756561279e-02 7.336647063493728638e-02 8.259102702140808105e-02 9.277634322643280029e-02 1.040530651807785034e-01 1.165093630552291870e-01 1.301798969507217407e-01
-1.796184369595721364e-04 4.269035998731851578e-03 8.424740284681320190e-03 1.289432309567928314e-02 1.734821125864982605e-02 2.190415933728218079e-02 2.659242600202560425e-02 3.158556669950485229e-02 3.677073866128921509e-02 4.216365143656730652e-02 4.780966043472290039e-02 5.395577847957611084e-02 6.044124066829681396e-02 6.736928224563598633e-02 7.478307187557220459e-02 8.280606567859649658e-02 9.153040498495101929e-02 1.009726673364639282e-01 1.112480759620666504e-01 1.224532276391983032e-01 1.346421390771865845e-01
-1.551328168716281652e-04 7.128550671041011810e-03 1.425448246300220490e-02 2.192915976047515869e-02 3.006628341972827911e-02 3.894330933690071106e-02 4.876352846622467041e-02 5.970039963722229004e-02 7.185488939285278320e-02 8.532223850488662720e-02 1.002274602651596069e-01 1.167485415935516357e-01 1.347991228103637695e-01 1.544938683509826660e-01 1.758195310831069946e-01 1.988842338323593140e-01 2.237021774053573608e-01 2.501852214336395264e-01 2.783949971199035645e-01 3.083085417747497559e-01 3.398523628711700439e-01
-2.216154243797063828e-04 2.696471288800239563e-03 5.316694267094135284e-03 8.318746462464332581e-03 1.127030327916145325e-02 1.435224339365959167e-02 1.760516688227653503e-02 2.114621177315711975e-02 2.492615580558776855e-02 2.893254905939102173e-02 3.323069214820861816e-02 3.807810693979263306e-02 4.331682622432708740e-02 4.905386269092559814e-02 5.532327294349670410e-02 6.230856478214263916e-02 7.007284462451934814e-02 7.865741848945617676e-02 8.819140493869781494e-02 9.877508878707885742e-02 1.104628592729568481e-01
-1.521933445474132895e-04 5.687794648110866547e-03 1.124105043709278107e-02 1.711307466030120850e-02 2.305554598569869995e-02 2.919823490083217621e-02 3.559274971485137939e-02 4.241221398115158081e-02 4.961213842034339905e-02 5.719588324427604675e-02 6.525072455406188965e-02 7.399964332580566406e-02 8.333994448184967041e-02 9.336770325899124146e-02 1.041331663727760315e-01 1.157601475715637207e-01 1.283254623413085938e-01 1.418503224849700928e-01 1.564486324787139893e-01 1.721633821725845337e-01 1.890695989131927490e-01
-1.708762429188936949e-04 4.131736699491739273e-03 8.155282586812973022e-03 1.251438260078430176e-02 1.696124859154224396e-02 2.163684181869029999e-02 2.656589820981025696e-02 3.201291337609291077e-02 3.785013034939765930e-02 4.414057359099388123e-02 5.096650123596191406e-02 5.856592208147048950e-02 6.683421880006790161e-02 7.588084787130355835e-02 8.576770126819610596e-02 9.663880616426467896e-02 1.085714921355247498e-01 1.215740963816642761e-01 1.357408463954925537e-01 1.511397510766983032e-01 1.677728593349456787e-01
-1.525662373751401901e-04 9.619401767849922180e-03 1.916601322591304779e-02 2.930780872702598572e-02 3.991218283772468567e-02 5.129657685756683350e-02 6.366033107042312622e-02 7.717993110418319702e-02 9.195777028799057007e-02 1.081148311495780945e-01 1.258385628461837769e-01 1.452392339706420898e-01 1.663039028644561768e-01 1.891294717788696289e-01 2.137465626001358032e-01 2.402562946081161499e-01 2.686768770217895508e-01 2.990390360355377197e-01 3.313181996345520020e-01 3.655318617820739746e-01 4.016685783863067627e-01
-1.578957453602924943e-04 9.305798448622226715e-03 1.859562471508979797e-02 2.847554162144660950e-02 3.888066485524177551e-02 5.006755515933036804e-02 6.231098249554634094e-02 7.575665414333343506e-02 9.055965393781661987e-02 1.068004667758941650e-01 1.246764212846755981e-01 1.443509757518768311e-01 1.657938212156295776e-01 1.890960037708282471e-01 2.142831534147262573e-01 2.415049821138381958e-01 2.707616984844207764e-01 3.020802736282348633e-01 3.354527354240417480e-01 3.708893060684204102e-01 4.083835184574127197e-01
-1.599187962710857391e-04 8.870124816894531250e-03 1.761836931109428406e-02 2.687574550509452820e-02 3.651124611496925354e-02 4.676365479826927185e-02 5.772525444626808167e-02 6.975504010915756226e-02 8.274511247873306274e-02 9.686955064535140991e-02 1.123065650463104248e-01 1.291247755289077759e-01 1.473239064216613770e-01 1.669808328151702881e-01 1.881795972585678101e-01 2.110169678926467896e-01 2.355163246393203735e-01 2.617491781711578369e-01 2.896243333816528320e-01 3.192490637302398682e-01 3.505876660346984863e-01
-1.979324442800134420e-04 3.136761486530303955e-03 6.175873801112174988e-03 9.580548852682113647e-03 1.302173547446727753e-02 1.666194200515747070e-02 2.051077410578727722e-02 2.482134476304054260e-02 2.945213019847869873e-02 3.445798903703689575e-02 3.991721570491790771e-02 4.606802761554718018e-02 5.277492105960845947e-02 6.015694886445999146e-02 6.826857477426528931e-02 7.726529985666275024e-02 8.722513914108276367e-02 9.818334877490997314e-02 1.102103739976882935e-01 1.234236508607864380e-01 1.378381699323654175e-01
