   5.5147100e-04   0.0000000e+00
   3.0300000e-03   1.2151000e-01
   5.7900000e-03   2.1264000e-01
   8.5500000e-03   2.7339000e-01
   1.1310000e-02   3.6452000e-01
   1.4060000e-02   4.2527000e-01
   1.6820000e-02   4.8603000e-01
   1.9580000e-02   4.8603000e-01
   2.2330000e-02   6.3791000e-01
   2.5090000e-02   7.5942000e-01
   2.7850000e-02   8.8092000e-01
   3.0610000e-02   9.7205000e-01
   3.3360000e-02   1.0631800e+00
   3.6120000e-02   1.1846900e+00
   3.8880000e-02   1.1846900e+00
   4.1640000e-02   1.3062000e+00
   4.3840000e-02   1.4580800e+00
   4.6600000e-02   1.5795900e+00
   4.9080000e-02   1.6403400e+00
   5.1560000e-02   1.7010900e+00
   5.3770000e-02   1.7314700e+00
   5.5970000e-02   1.8529800e+00
   5.8180000e-02   1.9744800e+00
   6.0940000e-02   2.0048600e+00
   6.2320000e-02   2.2478700e+00
   6.5070000e-02   2.2175000e+00
   6.7000000e-02   2.2782500e+00
   6.9760000e-02   2.3997600e+00
   7.1970000e-02   2.5212600e+00
   7.4450000e-02   2.6427700e+00
   7.6650000e-02   2.7642800e+00
   7.8580000e-02   2.8857800e+00
   8.0790000e-02   2.9769100e+00
   8.2170000e-02   3.1591700e+00
   8.4650000e-02   3.2199300e+00
   8.7410000e-02   3.3718100e+00
   8.9610000e-02   3.4933200e+00
   9.1820000e-02   3.5844500e+00
   9.3750000e-02   3.6755800e+00
   9.5960000e-02   3.7970800e+00
   9.7610000e-02   4.0097200e+00
   1.0009000e-01   4.1008500e+00
   1.0230000e-01   4.1616000e+00
   1.0450000e-01   4.2527300e+00
   1.0616000e-01   4.3742400e+00
   1.0836000e-01   4.4957500e+00
   1.1002000e-01   4.6172500e+00
   1.1222000e-01   4.7083800e+00
   1.1415000e-01   4.8298900e+00
   1.1608000e-01   4.9817700e+00
   1.1774000e-01   5.1032800e+00
   1.1967000e-01   5.2551600e+00
   1.2160000e-01   5.3462900e+00
   1.2381000e-01   5.4678000e+00
   1.2518000e-01   5.6500600e+00
   1.2739000e-01   5.7411900e+00
   1.2932000e-01   5.8627000e+00
   1.3070000e-01   6.0753300e+00
   1.3235000e-01   6.2272200e+00
   1.3456000e-01   6.3487200e+00
   1.3621000e-01   6.5006100e+00
   1.3869000e-01   6.6524900e+00
   1.4035000e-01   6.8043700e+00
   1.4256000e-01   6.9562600e+00
   1.4449000e-01   7.0777600e+00
   1.4614000e-01   7.2296500e+00
   1.4807000e-01   7.3511500e+00
   1.5000000e-01   7.5030400e+00
   1.5276000e-01   7.6853000e+00
   1.5469000e-01   7.7764300e+00
   1.5607000e-01   7.9890600e+00
   1.5855000e-01   8.1105700e+00
   1.6020000e-01   8.2320800e+00
   1.6158000e-01   8.3839600e+00
   1.6351000e-01   8.4750900e+00
   1.6461000e-01   8.6573500e+00
   1.6627000e-01   8.8092300e+00
   1.6847000e-01   8.9307400e+00
   1.7013000e-01   9.0826200e+00
   1.7178000e-01   9.2648800e+00
   1.7399000e-01   9.4167700e+00
   1.7564000e-01   9.5686500e+00
   1.7757000e-01   9.7509100e+00
   1.7950000e-01   9.8724200e+00
   1.8116000e-01   1.0054680e+01
   1.8309000e-01   1.0236940e+01
   1.8502000e-01   1.0388820e+01
   1.8667000e-01   1.0571080e+01
   1.8833000e-01   1.0722960e+01
   1.9053000e-01   1.0874850e+01
   1.9191000e-01   1.1057110e+01
   1.9357000e-01   1.1208990e+01
   1.9522000e-01   1.1360870e+01
   1.9715000e-01   1.1512760e+01
   1.9853000e-01   1.1695020e+01
   2.0046000e-01   1.1816520e+01
   2.0184000e-01   1.1968410e+01
   2.0322000e-01   1.2120290e+01
   2.0460000e-01   1.2272170e+01
   2.0653000e-01   1.2424060e+01
   2.0790000e-01   1.2575940e+01
   2.0928000e-01   1.2727830e+01
   2.1094000e-01   1.2910090e+01
   2.1259000e-01   1.3031590e+01
   2.1397000e-01   1.3183480e+01
   2.1535000e-01   1.3335360e+01
   2.1700000e-01   1.3548000e+01
   2.1866000e-01   1.3669500e+01
   2.2004000e-01   1.3821390e+01
   2.2197000e-01   1.4003650e+01
   2.2335000e-01   1.4185910e+01
   2.2472000e-01   1.4337790e+01
   2.2610000e-01   1.4489670e+01
   2.2748000e-01   1.4641560e+01
   2.2969000e-01   1.4732690e+01
   2.3107000e-01   1.4914950e+01
   2.3217000e-01   1.5157960e+01
   2.3465000e-01   1.5188340e+01
   2.3686000e-01   1.5431350e+01
   2.3906000e-01   1.5704740e+01
   2.4072000e-01   1.5856620e+01
   2.4210000e-01   1.6069260e+01
   2.4347000e-01   1.6221140e+01
   2.4623000e-01   1.6494530e+01
   2.4761000e-01   1.6676790e+01
   2.4899000e-01   1.6859050e+01
   2.5037000e-01   1.7010940e+01
   2.5202000e-01   1.7193200e+01
   2.5340000e-01   1.7375460e+01
   2.5478000e-01   1.7557720e+01
   2.5643000e-01   1.7739980e+01
   2.5781000e-01   1.7891860e+01
   2.5892000e-01   1.8074120e+01
   2.6029000e-01   1.8226000e+01
   2.6167000e-01   1.8377890e+01
   2.6360000e-01   1.8590520e+01
   2.6498000e-01   1.8803160e+01
   2.6636000e-01   1.8955040e+01
   2.6774000e-01   1.9106930e+01
   2.6884000e-01   1.9289190e+01
   2.7050000e-01   1.9471450e+01
   2.7215000e-01   1.9684080e+01
   2.7353000e-01   1.9896720e+01
   2.7518000e-01   2.0078980e+01
   2.7656000e-01   2.0291620e+01
   2.7822000e-01   2.0504250e+01
   2.7932000e-01   2.0716890e+01
   2.8097000e-01   2.0899150e+01
   2.8263000e-01   2.1081410e+01
   2.8401000e-01   2.1263670e+01
   2.8539000e-01   2.1476310e+01
   2.8704000e-01   2.1658570e+01
   2.8842000e-01   2.1871200e+01
   2.8980000e-01   2.2083840e+01
   2.9118000e-01   2.2266100e+01
   2.9283000e-01   2.2478740e+01
   2.9421000e-01   2.2691370e+01
   2.9559000e-01   2.2934390e+01
   2.9724000e-01   2.3147020e+01
   2.9862000e-01   2.3390040e+01
   3.0028000e-01   2.3602670e+01
