   5.5147100e-04  -3.0380000e-02
   4.6600000e-03   5.0130000e-02
   7.2800000e-03   9.5120000e-02
   9.9100000e-03   1.4654000e-01
   1.5040000e-02   2.6865000e-01
   1.7670000e-02   3.2006000e-01
   2.0060000e-02   3.8433000e-01
   2.7990000e-02   5.7072000e-01
   3.0880000e-02   6.6829000e-01
   3.3640000e-02   7.2904000e-01
   4.1640000e-02   1.0328100e+00
   4.4390000e-02   1.1543100e+00
   4.7150000e-02   1.2150700e+00
   5.4870000e-02   1.5795900e+00
   5.7630000e-02   1.5795900e+00
   6.0390000e-02   1.6707200e+00
   6.8930000e-02   2.0656100e+00
   7.1690000e-02   2.0352400e+00
   7.3350000e-02   2.1871200e+00
   8.1890000e-02   2.4605100e+00
   8.3270000e-02   2.7035200e+00
   8.6030000e-02   2.7946500e+00
   9.4300000e-02   3.0680400e+00
   9.6510000e-02   3.1591700e+00
   9.8990000e-02   3.3414300e+00
   1.0699000e-01   3.7970800e+00
   1.0919000e-01   3.9185900e+00
   1.1140000e-01   4.0097200e+00
   1.1994000e-01   4.4046200e+00
   1.2160000e-01   4.5565000e+00
   1.2408000e-01   4.6172500e+00
   1.3235000e-01   5.0425300e+00
   1.3373000e-01   5.2551600e+00
   1.3594000e-01   5.3766700e+00
   1.4393000e-01   5.7715700e+00
   1.4586000e-01   5.9234500e+00
   1.4835000e-01   6.0753300e+00
   1.5634000e-01   6.5917400e+00
   1.5772000e-01   6.7436200e+00
   1.6020000e-01   6.8651300e+00
   1.6765000e-01   7.4119100e+00
   1.6985000e-01   7.5030400e+00
   1.7206000e-01   7.6245400e+00
   1.7978000e-01   8.1713200e+00
   1.8143000e-01   8.3535800e+00
   1.8309000e-01   8.5358400e+00
   1.9108000e-01   9.1130000e+00
   1.9219000e-01   9.2952600e+00
   1.9467000e-01   9.3863900e+00
   2.0184000e-01   9.9635500e+00
   2.0349000e-01   1.0115430e+01
   2.0542000e-01   1.0328070e+01
   2.1287000e-01   1.0905220e+01
   2.1397000e-01   1.1087480e+01
   2.1645000e-01   1.1239370e+01
   2.2197000e-01   1.1725390e+01
   2.2445000e-01   1.1846900e+01
   2.2528000e-01   1.2059540e+01
   2.2748000e-01   1.2181040e+01
   2.3465000e-01   1.2788580e+01
   2.3603000e-01   1.2970840e+01
   2.3768000e-01   1.3183480e+01
   2.4513000e-01   1.3791010e+01
   2.4651000e-01   1.3973270e+01
   2.4816000e-01   1.4185910e+01
   2.5506000e-01   1.4793440e+01
   2.5671000e-01   1.5006080e+01
   2.5809000e-01   1.5249090e+01
   2.6553000e-01   1.5856620e+01
   2.6608000e-01   1.6160390e+01
   2.6857000e-01   1.6251520e+01
   2.7436000e-01   1.7041310e+01
   2.7601000e-01   1.7162820e+01
   2.7767000e-01   1.7375460e+01
   2.8401000e-01   1.8074120e+01
   2.8594000e-01   1.8165250e+01
   2.8759000e-01   1.8438640e+01
   2.9200000e-01   1.9046170e+01
   2.9311000e-01   1.9258810e+01
   2.9586000e-01   1.9319560e+01
   2.9669000e-01   1.9592950e+01
