   1.6817900e-04  -2.0560000e-02
   3.3200000e-03  -1.4140000e-02
   6.2900000e-03   2.4420000e-02
   1.4920000e-02   8.2270000e-02
   1.7670000e-02   1.0797000e-01
   2.0170000e-02   1.0797000e-01
   2.8950000e-02   1.8226000e-01
   3.1710000e-02   1.5188000e-01
   3.4470000e-02   2.4301000e-01
   4.2740000e-02   3.0377000e-01
   4.5500000e-02   3.6452000e-01
   4.8250000e-02   3.6452000e-01
   5.6530000e-02   4.5565000e-01
   5.9280000e-02   4.5565000e-01
   6.2040000e-02   4.5565000e-01
   7.0310000e-02   5.7716000e-01
   7.3070000e-02   6.3791000e-01
   7.5830000e-02   6.0753000e-01
   8.4100000e-02   7.5942000e-01
   8.6860000e-02   7.2904000e-01
   8.9610000e-02   7.5942000e-01
   9.7890000e-02   8.8092000e-01
   1.0064000e-01   8.5055000e-01
   1.0340000e-01   9.1130000e-01
   1.1167000e-01   9.7205000e-01
   1.1443000e-01   1.0024300e+00
   1.1719000e-01   1.0631800e+00
   1.2546000e-01   1.1846900e+00
   1.2822000e-01   1.1846900e+00
   1.3070000e-01   1.3062000e+00
   1.3925000e-01   1.3669500e+00
   1.4200000e-01   1.3062000e+00
   1.4449000e-01   1.4884600e+00
   1.5276000e-01   1.5188300e+00
   1.5551000e-01   1.5492100e+00
   1.5827000e-01   1.6099600e+00
   1.6654000e-01   1.7922200e+00
   1.6930000e-01   1.7618500e+00
   1.7206000e-01   1.8226000e+00
   1.8006000e-01   1.9744800e+00
   1.8281000e-01   1.9744800e+00
   1.8557000e-01   2.0352400e+00
   1.9384000e-01   2.2478700e+00
   1.9660000e-01   2.2478700e+00
   1.9936000e-01   2.2782500e+00
   2.0735000e-01   2.3997600e+00
   2.1011000e-01   2.5212600e+00
   2.1287000e-01   2.5212600e+00
   2.2086000e-01   2.7035200e+00
   2.2362000e-01   2.7035200e+00
   2.2638000e-01   2.7642800e+00
   2.3465000e-01   3.0072900e+00
   2.3741000e-01   3.0984200e+00
   2.4017000e-01   3.0680400e+00
   2.4816000e-01   3.2806800e+00
   2.5092000e-01   3.1895500e+00
   2.5368000e-01   3.3414300e+00
   2.6167000e-01   3.5236900e+00
   2.6443000e-01   3.4933200e+00
   2.6719000e-01   3.6452000e+00
   2.7518000e-01   3.8578400e+00
   2.7794000e-01   3.8882100e+00
   2.8070000e-01   3.9489700e+00
   2.8869000e-01   4.1312300e+00
   2.9145000e-01   4.1616000e+00
   2.9421000e-01   4.2831100e+00
