   2.7573500e-04   0.0000000e+00
   3.3200000e-03   1.8000000e-02
   5.7100000e-03   5.0130000e-02
   8.2700000e-03   6.0750000e-02
   1.0430000e-02   1.1440000e-01
   1.2680000e-02   1.5188000e-01
   1.5440000e-02   2.1264000e-01
   1.8130000e-02   2.2366000e-01
   2.0960000e-02   3.0377000e-01
   2.3710000e-02   3.3414000e-01
   2.6470000e-02   3.6452000e-01
   2.8810000e-02   3.9076000e-01
   3.0880000e-02   5.4678000e-01
   3.3640000e-02   5.1640000e-01
   3.6400000e-02   6.0753000e-01
   3.9150000e-02   5.4678000e-01
   4.1910000e-02   6.3791000e-01
   4.4670000e-02   7.5942000e-01
   4.7430000e-02   7.8979000e-01
   5.0180000e-02   7.8979000e-01
   5.2940000e-02   8.5055000e-01
   5.5700000e-02   9.4168000e-01
   5.8460000e-02   9.1130000e-01
   6.1210000e-02   1.0631800e+00
   6.3970000e-02   1.0935600e+00
   6.6730000e-02   1.0631800e+00
   6.9490000e-02   1.2150700e+00
   7.2240000e-02   1.2758200e+00
   7.5000000e-02   1.3062000e+00
   7.7760000e-02   1.3365700e+00
   8.0510000e-02   1.3669500e+00
   8.3270000e-02   1.4277000e+00
   8.6030000e-02   1.5492100e+00
   8.8790000e-02   1.6099600e+00
   9.1540000e-02   1.6707200e+00
   9.4300000e-02   1.7010900e+00
   9.7060000e-02   1.7618500e+00
   9.9820000e-02   1.8226000e+00
   1.0257000e-01   1.8833500e+00
   1.0533000e-01   1.8833500e+00
   1.0809000e-01   1.9744800e+00
   1.1085000e-01   2.0959900e+00
   1.1360000e-01   2.1263700e+00
   1.1636000e-01   2.1567400e+00
   1.1912000e-01   2.2175000e+00
   1.2188000e-01   2.3390000e+00
   1.2463000e-01   2.3997600e+00
   1.2739000e-01   2.4605100e+00
   1.3015000e-01   2.5820200e+00
   1.3290000e-01   2.5820200e+00
   1.3566000e-01   2.6123900e+00
   1.3842000e-01   2.7035200e+00
   1.4118000e-01   2.8554100e+00
   1.4393000e-01   2.9161600e+00
   1.4669000e-01   3.0072900e+00
   1.4945000e-01   3.0376700e+00
   1.5221000e-01   3.1591700e+00
   1.5496000e-01   3.2199300e+00
   1.5772000e-01   3.2806800e+00
   1.6048000e-01   3.3414300e+00
   1.6324000e-01   3.4629400e+00
   1.6599000e-01   3.5844500e+00
   1.6875000e-01   3.6452000e+00
   1.7151000e-01   3.7363300e+00
   1.7426000e-01   3.8274600e+00
   1.7702000e-01   3.9185900e+00
   1.7978000e-01   3.9793400e+00
   1.8254000e-01   4.0704700e+00
   1.8529000e-01   4.1616000e+00
   1.8805000e-01   4.2527300e+00
   1.9081000e-01   4.3438600e+00
   1.9357000e-01   4.3438600e+00
   1.9632000e-01   4.5565000e+00
   1.9908000e-01   4.6476300e+00
   2.0184000e-01   4.7083800e+00
   2.0460000e-01   4.7995100e+00
   2.0735000e-01   4.9210200e+00
   2.1011000e-01   5.0121500e+00
   2.1287000e-01   5.1032800e+00
   2.1563000e-01   5.1032800e+00
   2.1838000e-01   5.1944100e+00
   2.2114000e-01   5.3159200e+00
   2.2390000e-01   5.4070500e+00
   2.2665000e-01   5.4981800e+00
   2.2941000e-01   5.6196800e+00
   2.3134000e-01   5.7411900e+00
   2.3410000e-01   5.8019400e+00
   2.3658000e-01   5.9234500e+00
   2.3906000e-01   6.0145800e+00
   2.4154000e-01   6.1057100e+00
   2.4430000e-01   6.2272200e+00
   2.4678000e-01   6.3487200e+00
   2.4926000e-01   6.4702300e+00
   2.5092000e-01   6.6828700e+00
   2.5340000e-01   6.6221100e+00
   2.5533000e-01   6.7132400e+00
   2.5726000e-01   6.8347500e+00
   2.5974000e-01   6.8955000e+00
   2.6167000e-01   6.9866300e+00
   2.6388000e-01   7.1081400e+00
   2.6581000e-01   7.1992700e+00
   2.6801000e-01   7.3207800e+00
   2.6994000e-01   7.5334100e+00
   2.7243000e-01   7.6245400e+00
   2.7463000e-01   7.7460500e+00
   2.7711000e-01   7.8371800e+00
   2.7904000e-01   7.9283100e+00
   2.8153000e-01   8.0498200e+00
   2.8346000e-01   8.1713200e+00
   2.8594000e-01   8.2624500e+00
   2.8787000e-01   8.3839600e+00
   2.8980000e-01   8.4750900e+00
   2.9256000e-01   8.5966000e+00
   2.9504000e-01   8.7484800e+00
   2.9724000e-01   8.8396100e+00
   3.0000000e-01   8.9003600e+00
