1.805241075748573394e+02
1.805241075748573394e+02
8.748958554062126325e+01
8.748958554062126325e+01
8.748958554062126325e+01
7.599864535645905050e+01
7.599864535645905050e+01
6.189233085361268394e+01
6.189233085361268394e+01
6.189233085361268394e+01
5.540656831359648038e+01
5.540656831359648038e+01
5.191358533681653142e+01
4.291676342149293077e+01
4.291676342149293077e+01
4.022728827238822191e+01
4.022728827238822191e+01
4.022728827238822191e+01
4.022728827238822191e+01
4.010142539975858966e+01
3.945468170098033767e+01
3.945468170098033767e+01
3.945468170098033767e+01
3.945273108274336238e+01
3.945273108274336238e+01
3.945273108274336238e+01
3.945273108274336238e+01
3.944415571052376634e+01
3.942073326046000403e+01
3.942073326046000403e+01
3.942073326046000403e+01
3.942073326046000403e+01
